network,config,method,replicate,gt_path,inferred_path,gt_exists,inferred_exists,file_size
Bendiksby_2011,conf_ils_high_10M,grampa,1,/groups/itay_mayrose/tomulanovski/gene2net/simulations/networks/Bendiksby_2011.tre,/groups/itay_mayrose/tomulanovski/gene2net/simulations/simulations/Bendiksby_2011/results/conf_ils_high_10M/grampa/replicate_1/grampa_result.tre,True,True,1072
Bendiksby_2011,conf_ils_high_10M,grampa,2,/groups/itay_mayrose/tomulanovski/gene2net/simulations/networks/Bendiksby_2011.tre,/groups/itay_mayrose/tomulanovski/gene2net/simulations/simulations/Bendiksby_2011/results/conf_ils_high_10M/grampa/replicate_2/grampa_result.tre,True,True,1735
Bendiksby_2011,conf_ils_high_10M,grampa,3,/groups/itay_mayrose/tomulanovski/gene2net/simulations/networks/Bendiksby_2011.tre,/groups/itay_mayrose/tomulanovski/gene2net/simulations/simulations/Bendiksby_2011/results/conf_ils_high_10M/grampa/replicate_3/grampa_result.tre,True,True,1037
Bendiksby_2011,conf_ils_high_10M,grampa,4,/groups/itay_mayrose/tomulanovski/gene2net/simulations/networks/Bendiksby_2011.tre,/groups/itay_mayrose/tomulanovski/gene2net/simulations/simulations/Bendiksby_2011/results/conf_ils_high_10M/grampa/replicate_4/grampa_result.tre,True,True,1072
Bendiksby_2011,conf_ils_high_10M,grampa,5,/groups/itay_mayrose/tomulanovski/gene2net/simulations/networks/Bendiksby_2011.tre,/groups/itay_mayrose/tomulanovski/gene2net/simulations/simulations/Bendiksby_2011/results/conf_ils_high_10M/grampa/replicate_5/grampa_result.tre,True,True,1642
Koenen_2020,conf_ils_high_10M,grampa,1,/groups/itay_mayrose/tomulanovski/gene2net/simulations/networks/Koenen_2020.tre,/groups/itay_mayrose/tomulanovski/gene2net/simulations/simulations/Koenen_2020/results/conf_ils_high_10M/grampa/replicate_1/grampa_result.tre,True,True,522
Koenen_2020,conf_ils_high_10M,grampa,2,/groups/itay_mayrose/tomulanovski/gene2net/simulations/networks/Koenen_2020.tre,/groups/itay_mayrose/tomulanovski/gene2net/simulations/simulations/Koenen_2020/results/conf_ils_high_10M/grampa/replicate_2/grampa_result.tre,True,True,429
Koenen_2020,conf_ils_high_10M,grampa,3,/groups/itay_mayrose/tomulanovski/gene2net/simulations/networks/Koenen_2020.tre,/groups/itay_mayrose/tomulanovski/gene2net/simulations/simulations/Koenen_2020/results/conf_ils_high_10M/grampa/replicate_3/grampa_result.tre,True,True,479
Koenen_2020,conf_ils_high_10M,grampa,4,/groups/itay_mayrose/tomulanovski/gene2net/simulations/networks/Koenen_2020.tre,/groups/itay_mayrose/tomulanovski/gene2net/simulations/simulations/Koenen_2020/results/conf_ils_high_10M/grampa/replicate_4/grampa_result.tre,True,True,605
Koenen_2020,conf_ils_high_10M,grampa,5,/groups/itay_mayrose/tomulanovski/gene2net/simulations/networks/Koenen_2020.tre,/groups/itay_mayrose/tomulanovski/gene2net/simulations/simulations/Koenen_2020/results/conf_ils_high_10M/grampa/replicate_5/grampa_result.tre,True,True,429
Brysting_2007,conf_ils_high_10M,grampa,1,/groups/itay_mayrose/tomulanovski/gene2net/simulations/networks/Brysting_2007.tre,/groups/itay_mayrose/tomulanovski/gene2net/simulations/simulations/Brysting_2007/results/conf_ils_high_10M/grampa/replicate_1/grampa_result.tre,True,True,766
Brysting_2007,conf_ils_high_10M,grampa,2,/groups/itay_mayrose/tomulanovski/gene2net/simulations/networks/Brysting_2007.tre,/groups/itay_mayrose/tomulanovski/gene2net/simulations/simulations/Brysting_2007/results/conf_ils_high_10M/grampa/replicate_2/grampa_result.tre,True,True,853
Brysting_2007,conf_ils_high_10M,grampa,3,/groups/itay_mayrose/tomulanovski/gene2net/simulations/networks/Brysting_2007.tre,/groups/itay_mayrose/tomulanovski/gene2net/simulations/simulations/Brysting_2007/results/conf_ils_high_10M/grampa/replicate_3/grampa_result.tre,True,True,766
Brysting_2007,conf_ils_high_10M,grampa,4,/groups/itay_mayrose/tomulanovski/gene2net/simulations/networks/Brysting_2007.tre,/groups/itay_mayrose/tomulanovski/gene2net/simulations/simulations/Brysting_2007/results/conf_ils_high_10M/grampa/replicate_4/grampa_result.tre,True,True,766
Brysting_2007,conf_ils_high_10M,grampa,5,/groups/itay_mayrose/tomulanovski/gene2net/simulations/networks/Brysting_2007.tre,/groups/itay_mayrose/tomulanovski/gene2net/simulations/simulations/Brysting_2007/results/conf_ils_high_10M/grampa/replicate_5/grampa_result.tre,True,True,766
Lawrence_2016,conf_ils_high_10M,grampa,1,/groups/itay_mayrose/tomulanovski/gene2net/simulations/networks/Lawrence_2016.tre,/groups/itay_mayrose/tomulanovski/gene2net/simulations/simulations/Lawrence_2016/results/conf_ils_high_10M/grampa/replicate_1/grampa_result.tre,True,True,1847
Lawrence_2016,conf_ils_high_10M,grampa,2,/groups/itay_mayrose/tomulanovski/gene2net/simulations/networks/Lawrence_2016.tre,/groups/itay_mayrose/tomulanovski/gene2net/simulations/simulations/Lawrence_2016/results/conf_ils_high_10M/grampa/replicate_2/grampa_result.tre,True,True,1681
Lawrence_2016,conf_ils_high_10M,grampa,3,/groups/itay_mayrose/tomulanovski/gene2net/simulations/networks/Lawrence_2016.tre,/groups/itay_mayrose/tomulanovski/gene2net/simulations/simulations/Lawrence_2016/results/conf_ils_high_10M/grampa/replicate_3/grampa_result.tre,True,True,1106
Lawrence_2016,conf_ils_high_10M,grampa,4,/groups/itay_mayrose/tomulanovski/gene2net/simulations/networks/Lawrence_2016.tre,/groups/itay_mayrose/tomulanovski/gene2net/simulations/simulations/Lawrence_2016/results/conf_ils_high_10M/grampa/replicate_4/grampa_result.tre,True,True,1106
Lawrence_2016,conf_ils_high_10M,grampa,5,/groups/itay_mayrose/tomulanovski/gene2net/simulations/networks/Lawrence_2016.tre,/groups/itay_mayrose/tomulanovski/gene2net/simulations/simulations/Lawrence_2016/results/conf_ils_high_10M/grampa/replicate_5/grampa_result.tre,True,True,1106
Diaz-Perez_2018,conf_ils_high_10M,grampa,1,/groups/itay_mayrose/tomulanovski/gene2net/simulations/networks/Diaz-Perez_2018.tre,/groups/itay_mayrose/tomulanovski/gene2net/simulations/simulations/Diaz-Perez_2018/results/conf_ils_high_10M/grampa/replicate_1/grampa_result.tre,True,True,482
Diaz-Perez_2018,conf_ils_high_10M,grampa,2,/groups/itay_mayrose/tomulanovski/gene2net/simulations/networks/Diaz-Perez_2018.tre,/groups/itay_mayrose/tomulanovski/gene2net/simulations/simulations/Diaz-Perez_2018/results/conf_ils_high_10M/grampa/replicate_2/grampa_result.tre,True,True,482
Diaz-Perez_2018,conf_ils_high_10M,grampa,3,/groups/itay_mayrose/tomulanovski/gene2net/simulations/networks/Diaz-Perez_2018.tre,/groups/itay_mayrose/tomulanovski/gene2net/simulations/simulations/Diaz-Perez_2018/results/conf_ils_high_10M/grampa/replicate_3/grampa_result.tre,True,True,482
Diaz-Perez_2018,conf_ils_high_10M,grampa,4,/groups/itay_mayrose/tomulanovski/gene2net/simulations/networks/Diaz-Perez_2018.tre,/groups/itay_mayrose/tomulanovski/gene2net/simulations/simulations/Diaz-Perez_2018/results/conf_ils_high_10M/grampa/replicate_4/grampa_result.tre,True,True,482
Diaz-Perez_2018,conf_ils_high_10M,grampa,5,/groups/itay_mayrose/tomulanovski/gene2net/simulations/networks/Diaz-Perez_2018.tre,/groups/itay_mayrose/tomulanovski/gene2net/simulations/simulations/Diaz-Perez_2018/results/conf_ils_high_10M/grampa/replicate_5/grampa_result.tre,True,True,482
Wisecaver_2023,conf_ils_high_10M,grampa,1,/groups/itay_mayrose/tomulanovski/gene2net/simulations/networks/Wisecaver_2023.tre,/groups/itay_mayrose/tomulanovski/gene2net/simulations/simulations/Wisecaver_2023/results/conf_ils_high_10M/grampa/replicate_1/grampa_result.tre,True,True,148
Wisecaver_2023,conf_ils_high_10M,grampa,2,/groups/itay_mayrose/tomulanovski/gene2net/simulations/networks/Wisecaver_2023.tre,/groups/itay_mayrose/tomulanovski/gene2net/simulations/simulations/Wisecaver_2023/results/conf_ils_high_10M/grampa/replicate_2/grampa_result.tre,True,True,218
Wisecaver_2023,conf_ils_high_10M,grampa,3,/groups/itay_mayrose/tomulanovski/gene2net/simulations/networks/Wisecaver_2023.tre,/groups/itay_mayrose/tomulanovski/gene2net/simulations/simulations/Wisecaver_2023/results/conf_ils_high_10M/grampa/replicate_3/grampa_result.tre,True,True,148
Wisecaver_2023,conf_ils_high_10M,grampa,4,/groups/itay_mayrose/tomulanovski/gene2net/simulations/networks/Wisecaver_2023.tre,/groups/itay_mayrose/tomulanovski/gene2net/simulations/simulations/Wisecaver_2023/results/conf_ils_high_10M/grampa/replicate_4/grampa_result.tre,True,True,148
Wisecaver_2023,conf_ils_high_10M,grampa,5,/groups/itay_mayrose/tomulanovski/gene2net/simulations/networks/Wisecaver_2023.tre,/groups/itay_mayrose/tomulanovski/gene2net/simulations/simulations/Wisecaver_2023/results/conf_ils_high_10M/grampa/replicate_5/grampa_result.tre,True,True,218
Ding_2023,conf_ils_high_10M,grampa,1,/groups/itay_mayrose/tomulanovski/gene2net/simulations/networks/Ding_2023.tre,/groups/itay_mayrose/tomulanovski/gene2net/simulations/simulations/Ding_2023/results/conf_ils_high_10M/grampa/replicate_1/grampa_result.tre,True,True,107
Ding_2023,conf_ils_high_10M,grampa,2,/groups/itay_mayrose/tomulanovski/gene2net/simulations/networks/Ding_2023.tre,/groups/itay_mayrose/tomulanovski/gene2net/simulations/simulations/Ding_2023/results/conf_ils_high_10M/grampa/replicate_2/grampa_result.tre,True,True,107
Ding_2023,conf_ils_high_10M,grampa,3,/groups/itay_mayrose/tomulanovski/gene2net/simulations/networks/Ding_2023.tre,/groups/itay_mayrose/tomulanovski/gene2net/simulations/simulations/Ding_2023/results/conf_ils_high_10M/grampa/replicate_3/grampa_result.tre,True,True,95
Ding_2023,conf_ils_high_10M,grampa,4,/groups/itay_mayrose/tomulanovski/gene2net/simulations/networks/Ding_2023.tre,/groups/itay_mayrose/tomulanovski/gene2net/simulations/simulations/Ding_2023/results/conf_ils_high_10M/grampa/replicate_4/grampa_result.tre,True,True,125
Ding_2023,conf_ils_high_10M,grampa,5,/groups/itay_mayrose/tomulanovski/gene2net/simulations/networks/Ding_2023.tre,/groups/itay_mayrose/tomulanovski/gene2net/simulations/simulations/Ding_2023/results/conf_ils_high_10M/grampa/replicate_5/grampa_result.tre,True,True,107
Liang_2019,conf_ils_high_10M,grampa,1,/groups/itay_mayrose/tomulanovski/gene2net/simulations/networks/Liang_2019.tre,/groups/itay_mayrose/tomulanovski/gene2net/simulations/simulations/Liang_2019/results/conf_ils_high_10M/grampa/replicate_1/grampa_result.tre,True,True,766
Liang_2019,conf_ils_high_10M,grampa,2,/groups/itay_mayrose/tomulanovski/gene2net/simulations/networks/Liang_2019.tre,/groups/itay_mayrose/tomulanovski/gene2net/simulations/simulations/Liang_2019/results/conf_ils_high_10M/grampa/replicate_2/grampa_result.tre,True,True,766
Liang_2019,conf_ils_high_10M,grampa,3,/groups/itay_mayrose/tomulanovski/gene2net/simulations/networks/Liang_2019.tre,/groups/itay_mayrose/tomulanovski/gene2net/simulations/simulations/Liang_2019/results/conf_ils_high_10M/grampa/replicate_3/grampa_result.tre,True,True,766
Liang_2019,conf_ils_high_10M,grampa,4,/groups/itay_mayrose/tomulanovski/gene2net/simulations/networks/Liang_2019.tre,/groups/itay_mayrose/tomulanovski/gene2net/simulations/simulations/Liang_2019/results/conf_ils_high_10M/grampa/replicate_4/grampa_result.tre,True,True,766
Liang_2019,conf_ils_high_10M,grampa,5,/groups/itay_mayrose/tomulanovski/gene2net/simulations/networks/Liang_2019.tre,/groups/itay_mayrose/tomulanovski/gene2net/simulations/simulations/Liang_2019/results/conf_ils_high_10M/grampa/replicate_5/grampa_result.tre,True,True,766
Popp_2005,conf_ils_high_10M,grampa,1,/groups/itay_mayrose/tomulanovski/gene2net/simulations/networks/Popp_2005.tre,/groups/itay_mayrose/tomulanovski/gene2net/simulations/simulations/Popp_2005/results/conf_ils_high_10M/grampa/replicate_1/grampa_result.tre,True,True,254
Popp_2005,conf_ils_high_10M,grampa,2,/groups/itay_mayrose/tomulanovski/gene2net/simulations/networks/Popp_2005.tre,/groups/itay_mayrose/tomulanovski/gene2net/simulations/simulations/Popp_2005/results/conf_ils_high_10M/grampa/replicate_2/grampa_result.tre,True,True,369
Popp_2005,conf_ils_high_10M,grampa,3,/groups/itay_mayrose/tomulanovski/gene2net/simulations/networks/Popp_2005.tre,/groups/itay_mayrose/tomulanovski/gene2net/simulations/simulations/Popp_2005/results/conf_ils_high_10M/grampa/replicate_3/grampa_result.tre,True,True,254
Popp_2005,conf_ils_high_10M,grampa,4,/groups/itay_mayrose/tomulanovski/gene2net/simulations/networks/Popp_2005.tre,/groups/itay_mayrose/tomulanovski/gene2net/simulations/simulations/Popp_2005/results/conf_ils_high_10M/grampa/replicate_4/grampa_result.tre,True,True,254
Popp_2005,conf_ils_high_10M,grampa,5,/groups/itay_mayrose/tomulanovski/gene2net/simulations/networks/Popp_2005.tre,/groups/itay_mayrose/tomulanovski/gene2net/simulations/simulations/Popp_2005/results/conf_ils_high_10M/grampa/replicate_5/grampa_result.tre,True,True,254
Wu_2015,conf_ils_high_10M,grampa,1,/groups/itay_mayrose/tomulanovski/gene2net/simulations/networks/Wu_2015.tre,/groups/itay_mayrose/tomulanovski/gene2net/simulations/simulations/Wu_2015/results/conf_ils_high_10M/grampa/replicate_1/grampa_result.tre,True,True,273
Wu_2015,conf_ils_high_10M,grampa,2,/groups/itay_mayrose/tomulanovski/gene2net/simulations/networks/Wu_2015.tre,/groups/itay_mayrose/tomulanovski/gene2net/simulations/simulations/Wu_2015/results/conf_ils_high_10M/grampa/replicate_2/grampa_result.tre,True,True,166
Wu_2015,conf_ils_high_10M,grampa,3,/groups/itay_mayrose/tomulanovski/gene2net/simulations/networks/Wu_2015.tre,/groups/itay_mayrose/tomulanovski/gene2net/simulations/simulations/Wu_2015/results/conf_ils_high_10M/grampa/replicate_3/grampa_result.tre,True,True,235
Wu_2015,conf_ils_high_10M,grampa,4,/groups/itay_mayrose/tomulanovski/gene2net/simulations/networks/Wu_2015.tre,/groups/itay_mayrose/tomulanovski/gene2net/simulations/simulations/Wu_2015/results/conf_ils_high_10M/grampa/replicate_4/grampa_result.tre,True,True,166
Wu_2015,conf_ils_high_10M,grampa,5,/groups/itay_mayrose/tomulanovski/gene2net/simulations/networks/Wu_2015.tre,/groups/itay_mayrose/tomulanovski/gene2net/simulations/simulations/Wu_2015/results/conf_ils_high_10M/grampa/replicate_5/grampa_result.tre,True,True,280
Liu_2023,conf_ils_high_10M,grampa,1,/groups/itay_mayrose/tomulanovski/gene2net/simulations/networks/Liu_2023.tre,/groups/itay_mayrose/tomulanovski/gene2net/simulations/simulations/Liu_2023/results/conf_ils_high_10M/grampa/replicate_1/grampa_result.tre,True,True,796
Liu_2023,conf_ils_high_10M,grampa,2,/groups/itay_mayrose/tomulanovski/gene2net/simulations/networks/Liu_2023.tre,/groups/itay_mayrose/tomulanovski/gene2net/simulations/simulations/Liu_2023/results/conf_ils_high_10M/grampa/replicate_2/grampa_result.tre,True,True,796
Liu_2023,conf_ils_high_10M,grampa,3,/groups/itay_mayrose/tomulanovski/gene2net/simulations/networks/Liu_2023.tre,/groups/itay_mayrose/tomulanovski/gene2net/simulations/simulations/Liu_2023/results/conf_ils_high_10M/grampa/replicate_3/grampa_result.tre,True,True,992
Liu_2023,conf_ils_high_10M,grampa,4,/groups/itay_mayrose/tomulanovski/gene2net/simulations/networks/Liu_2023.tre,/groups/itay_mayrose/tomulanovski/gene2net/simulations/simulations/Liu_2023/results/conf_ils_high_10M/grampa/replicate_4/grampa_result.tre,True,True,796
Liu_2023,conf_ils_high_10M,grampa,5,/groups/itay_mayrose/tomulanovski/gene2net/simulations/networks/Liu_2023.tre,/groups/itay_mayrose/tomulanovski/gene2net/simulations/simulations/Liu_2023/results/conf_ils_high_10M/grampa/replicate_5/grampa_result.tre,True,True,596
Ren_2024,conf_ils_high_10M,grampa,1,/groups/itay_mayrose/tomulanovski/gene2net/simulations/networks/Ren_2024.tre,/groups/itay_mayrose/tomulanovski/gene2net/simulations/simulations/Ren_2024/results/conf_ils_high_10M/grampa/replicate_1/grampa_result.tre,True,True,135
Ren_2024,conf_ils_high_10M,grampa,2,/groups/itay_mayrose/tomulanovski/gene2net/simulations/networks/Ren_2024.tre,/groups/itay_mayrose/tomulanovski/gene2net/simulations/simulations/Ren_2024/results/conf_ils_high_10M/grampa/replicate_2/grampa_result.tre,True,True,183
Ren_2024,conf_ils_high_10M,grampa,3,/groups/itay_mayrose/tomulanovski/gene2net/simulations/networks/Ren_2024.tre,/groups/itay_mayrose/tomulanovski/gene2net/simulations/simulations/Ren_2024/results/conf_ils_high_10M/grampa/replicate_3/grampa_result.tre,True,True,135
Ren_2024,conf_ils_high_10M,grampa,4,/groups/itay_mayrose/tomulanovski/gene2net/simulations/networks/Ren_2024.tre,/groups/itay_mayrose/tomulanovski/gene2net/simulations/simulations/Ren_2024/results/conf_ils_high_10M/grampa/replicate_4/grampa_result.tre,True,True,135
Ren_2024,conf_ils_high_10M,grampa,5,/groups/itay_mayrose/tomulanovski/gene2net/simulations/networks/Ren_2024.tre,/groups/itay_mayrose/tomulanovski/gene2net/simulations/simulations/Ren_2024/results/conf_ils_high_10M/grampa/replicate_5/grampa_result.tre,True,True,135
Marcussen_2011,conf_ils_high_10M,grampa,1,/groups/itay_mayrose/tomulanovski/gene2net/simulations/networks/Marcussen_2011.tre,/groups/itay_mayrose/tomulanovski/gene2net/simulations/simulations/Marcussen_2011/results/conf_ils_high_10M/grampa/replicate_1/grampa_result.tre,True,True,284
Marcussen_2011,conf_ils_high_10M,grampa,2,/groups/itay_mayrose/tomulanovski/gene2net/simulations/networks/Marcussen_2011.tre,/groups/itay_mayrose/tomulanovski/gene2net/simulations/simulations/Marcussen_2011/results/conf_ils_high_10M/grampa/replicate_2/grampa_result.tre,True,True,250
Marcussen_2011,conf_ils_high_10M,grampa,3,/groups/itay_mayrose/tomulanovski/gene2net/simulations/networks/Marcussen_2011.tre,/groups/itay_mayrose/tomulanovski/gene2net/simulations/simulations/Marcussen_2011/results/conf_ils_high_10M/grampa/replicate_3/grampa_result.tre,True,True,250
Marcussen_2011,conf_ils_high_10M,grampa,4,/groups/itay_mayrose/tomulanovski/gene2net/simulations/networks/Marcussen_2011.tre,/groups/itay_mayrose/tomulanovski/gene2net/simulations/simulations/Marcussen_2011/results/conf_ils_high_10M/grampa/replicate_4/grampa_result.tre,True,True,284
Marcussen_2011,conf_ils_high_10M,grampa,5,/groups/itay_mayrose/tomulanovski/gene2net/simulations/networks/Marcussen_2011.tre,/groups/itay_mayrose/tomulanovski/gene2net/simulations/simulations/Marcussen_2011/results/conf_ils_high_10M/grampa/replicate_5/grampa_result.tre,True,True,284
Marcussen_2012,conf_ils_high_10M,grampa,1,/groups/itay_mayrose/tomulanovski/gene2net/simulations/networks/Marcussen_2012.tre,/groups/itay_mayrose/tomulanovski/gene2net/simulations/simulations/Marcussen_2012/results/conf_ils_high_10M/grampa/replicate_1/grampa_result.tre,True,True,463
Marcussen_2012,conf_ils_high_10M,grampa,2,/groups/itay_mayrose/tomulanovski/gene2net/simulations/networks/Marcussen_2012.tre,/groups/itay_mayrose/tomulanovski/gene2net/simulations/simulations/Marcussen_2012/results/conf_ils_high_10M/grampa/replicate_2/grampa_result.tre,True,True,463
Marcussen_2012,conf_ils_high_10M,grampa,3,/groups/itay_mayrose/tomulanovski/gene2net/simulations/networks/Marcussen_2012.tre,/groups/itay_mayrose/tomulanovski/gene2net/simulations/simulations/Marcussen_2012/results/conf_ils_high_10M/grampa/replicate_3/grampa_result.tre,True,True,463
Marcussen_2012,conf_ils_high_10M,grampa,4,/groups/itay_mayrose/tomulanovski/gene2net/simulations/networks/Marcussen_2012.tre,/groups/itay_mayrose/tomulanovski/gene2net/simulations/simulations/Marcussen_2012/results/conf_ils_high_10M/grampa/replicate_4/grampa_result.tre,True,True,463
Marcussen_2012,conf_ils_high_10M,grampa,5,/groups/itay_mayrose/tomulanovski/gene2net/simulations/networks/Marcussen_2012.tre,/groups/itay_mayrose/tomulanovski/gene2net/simulations/simulations/Marcussen_2012/results/conf_ils_high_10M/grampa/replicate_5/grampa_result.tre,True,True,463
Sessa_2012b,conf_ils_high_10M,grampa,1,/groups/itay_mayrose/tomulanovski/gene2net/simulations/networks/Sessa_2012b.tre,/groups/itay_mayrose/tomulanovski/gene2net/simulations/simulations/Sessa_2012b/results/conf_ils_high_10M/grampa/replicate_1/grampa_result.tre,True,True,667
Sessa_2012b,conf_ils_high_10M,grampa,2,/groups/itay_mayrose/tomulanovski/gene2net/simulations/networks/Sessa_2012b.tre,/groups/itay_mayrose/tomulanovski/gene2net/simulations/simulations/Sessa_2012b/results/conf_ils_high_10M/grampa/replicate_2/grampa_result.tre,True,True,667
Sessa_2012b,conf_ils_high_10M,grampa,3,/groups/itay_mayrose/tomulanovski/gene2net/simulations/networks/Sessa_2012b.tre,/groups/itay_mayrose/tomulanovski/gene2net/simulations/simulations/Sessa_2012b/results/conf_ils_high_10M/grampa/replicate_3/grampa_result.tre,True,True,667
Sessa_2012b,conf_ils_high_10M,grampa,4,/groups/itay_mayrose/tomulanovski/gene2net/simulations/networks/Sessa_2012b.tre,/groups/itay_mayrose/tomulanovski/gene2net/simulations/simulations/Sessa_2012b/results/conf_ils_high_10M/grampa/replicate_4/grampa_result.tre,True,True,667
Sessa_2012b,conf_ils_high_10M,grampa,5,/groups/itay_mayrose/tomulanovski/gene2net/simulations/networks/Sessa_2012b.tre,/groups/itay_mayrose/tomulanovski/gene2net/simulations/simulations/Sessa_2012b/results/conf_ils_high_10M/grampa/replicate_5/grampa_result.tre,True,True,667
Zhao_2021,conf_ils_high_10M,grampa,1,/groups/itay_mayrose/tomulanovski/gene2net/simulations/networks/Zhao_2021.tre,/groups/itay_mayrose/tomulanovski/gene2net/simulations/simulations/Zhao_2021/results/conf_ils_high_10M/grampa/replicate_1/grampa_result.tre,True,True,266
Zhao_2021,conf_ils_high_10M,grampa,2,/groups/itay_mayrose/tomulanovski/gene2net/simulations/networks/Zhao_2021.tre,/groups/itay_mayrose/tomulanovski/gene2net/simulations/simulations/Zhao_2021/results/conf_ils_high_10M/grampa/replicate_2/grampa_result.tre,True,True,270
Zhao_2021,conf_ils_high_10M,grampa,3,/groups/itay_mayrose/tomulanovski/gene2net/simulations/networks/Zhao_2021.tre,/groups/itay_mayrose/tomulanovski/gene2net/simulations/simulations/Zhao_2021/results/conf_ils_high_10M/grampa/replicate_3/grampa_result.tre,True,True,270
Zhao_2021,conf_ils_high_10M,grampa,4,/groups/itay_mayrose/tomulanovski/gene2net/simulations/networks/Zhao_2021.tre,/groups/itay_mayrose/tomulanovski/gene2net/simulations/simulations/Zhao_2021/results/conf_ils_high_10M/grampa/replicate_4/grampa_result.tre,True,True,270
Zhao_2021,conf_ils_high_10M,grampa,5,/groups/itay_mayrose/tomulanovski/gene2net/simulations/networks/Zhao_2021.tre,/groups/itay_mayrose/tomulanovski/gene2net/simulations/simulations/Zhao_2021/results/conf_ils_high_10M/grampa/replicate_5/grampa_result.tre,True,True,222
Hori_2014,conf_ils_high_10M,grampa,1,/groups/itay_mayrose/tomulanovski/gene2net/simulations/networks/Hori_2014.tre,/groups/itay_mayrose/tomulanovski/gene2net/simulations/simulations/Hori_2014/results/conf_ils_high_10M/grampa/replicate_1/grampa_result.tre,True,True,352
Hori_2014,conf_ils_high_10M,grampa,2,/groups/itay_mayrose/tomulanovski/gene2net/simulations/networks/Hori_2014.tre,/groups/itay_mayrose/tomulanovski/gene2net/simulations/simulations/Hori_2014/results/conf_ils_high_10M/grampa/replicate_2/grampa_result.tre,True,True,294
Hori_2014,conf_ils_high_10M,grampa,3,/groups/itay_mayrose/tomulanovski/gene2net/simulations/networks/Hori_2014.tre,/groups/itay_mayrose/tomulanovski/gene2net/simulations/simulations/Hori_2014/results/conf_ils_high_10M/grampa/replicate_3/grampa_result.tre,True,True,294
Hori_2014,conf_ils_high_10M,grampa,4,/groups/itay_mayrose/tomulanovski/gene2net/simulations/networks/Hori_2014.tre,/groups/itay_mayrose/tomulanovski/gene2net/simulations/simulations/Hori_2014/results/conf_ils_high_10M/grampa/replicate_4/grampa_result.tre,True,True,294
Hori_2014,conf_ils_high_10M,grampa,5,/groups/itay_mayrose/tomulanovski/gene2net/simulations/networks/Hori_2014.tre,/groups/itay_mayrose/tomulanovski/gene2net/simulations/simulations/Hori_2014/results/conf_ils_high_10M/grampa/replicate_5/grampa_result.tre,True,True,219
Marcussen_2015,conf_ils_high_10M,grampa,1,/groups/itay_mayrose/tomulanovski/gene2net/simulations/networks/Marcussen_2015.tre,/groups/itay_mayrose/tomulanovski/gene2net/simulations/simulations/Marcussen_2015/results/conf_ils_high_10M/grampa/replicate_1/grampa_result.tre,True,True,205
Marcussen_2015,conf_ils_high_10M,grampa,2,/groups/itay_mayrose/tomulanovski/gene2net/simulations/networks/Marcussen_2015.tre,/groups/itay_mayrose/tomulanovski/gene2net/simulations/simulations/Marcussen_2015/results/conf_ils_high_10M/grampa/replicate_2/grampa_result.tre,True,True,205
Marcussen_2015,conf_ils_high_10M,grampa,3,/groups/itay_mayrose/tomulanovski/gene2net/simulations/networks/Marcussen_2015.tre,/groups/itay_mayrose/tomulanovski/gene2net/simulations/simulations/Marcussen_2015/results/conf_ils_high_10M/grampa/replicate_3/grampa_result.tre,True,True,205
Marcussen_2015,conf_ils_high_10M,grampa,4,/groups/itay_mayrose/tomulanovski/gene2net/simulations/networks/Marcussen_2015.tre,/groups/itay_mayrose/tomulanovski/gene2net/simulations/simulations/Marcussen_2015/results/conf_ils_high_10M/grampa/replicate_4/grampa_result.tre,True,True,208
Marcussen_2015,conf_ils_high_10M,grampa,5,/groups/itay_mayrose/tomulanovski/gene2net/simulations/networks/Marcussen_2015.tre,/groups/itay_mayrose/tomulanovski/gene2net/simulations/simulations/Marcussen_2015/results/conf_ils_high_10M/grampa/replicate_5/grampa_result.tre,True,True,208
Shahrestani_2015,conf_ils_high_10M,grampa,1,/groups/itay_mayrose/tomulanovski/gene2net/simulations/networks/Shahrestani_2015.tre,/groups/itay_mayrose/tomulanovski/gene2net/simulations/simulations/Shahrestani_2015/results/conf_ils_high_10M/grampa/replicate_1/grampa_result.tre,True,True,104
Shahrestani_2015,conf_ils_high_10M,grampa,2,/groups/itay_mayrose/tomulanovski/gene2net/simulations/networks/Shahrestani_2015.tre,/groups/itay_mayrose/tomulanovski/gene2net/simulations/simulations/Shahrestani_2015/results/conf_ils_high_10M/grampa/replicate_2/grampa_result.tre,True,True,104
Shahrestani_2015,conf_ils_high_10M,grampa,3,/groups/itay_mayrose/tomulanovski/gene2net/simulations/networks/Shahrestani_2015.tre,/groups/itay_mayrose/tomulanovski/gene2net/simulations/simulations/Shahrestani_2015/results/conf_ils_high_10M/grampa/replicate_3/grampa_result.tre,True,True,111
Shahrestani_2015,conf_ils_high_10M,grampa,4,/groups/itay_mayrose/tomulanovski/gene2net/simulations/networks/Shahrestani_2015.tre,/groups/itay_mayrose/tomulanovski/gene2net/simulations/simulations/Shahrestani_2015/results/conf_ils_high_10M/grampa/replicate_4/grampa_result.tre,True,True,104
Shahrestani_2015,conf_ils_high_10M,grampa,5,/groups/itay_mayrose/tomulanovski/gene2net/simulations/networks/Shahrestani_2015.tre,/groups/itay_mayrose/tomulanovski/gene2net/simulations/simulations/Shahrestani_2015/results/conf_ils_high_10M/grampa/replicate_5/grampa_result.tre,True,True,111
Morales-Briones_2021,conf_ils_high_10M,grampa,1,/groups/itay_mayrose/tomulanovski/gene2net/simulations/networks/Morales-Briones_2021.tre,/groups/itay_mayrose/tomulanovski/gene2net/simulations/simulations/Morales-Briones_2021/results/conf_ils_high_10M/grampa/replicate_1/grampa_result.tre,True,False,0
Morales-Briones_2021,conf_ils_high_10M,grampa,2,/groups/itay_mayrose/tomulanovski/gene2net/simulations/networks/Morales-Briones_2021.tre,/groups/itay_mayrose/tomulanovski/gene2net/simulations/simulations/Morales-Briones_2021/results/conf_ils_high_10M/grampa/replicate_2/grampa_result.tre,True,False,0
Morales-Briones_2021,conf_ils_high_10M,grampa,3,/groups/itay_mayrose/tomulanovski/gene2net/simulations/networks/Morales-Briones_2021.tre,/groups/itay_mayrose/tomulanovski/gene2net/simulations/simulations/Morales-Briones_2021/results/conf_ils_high_10M/grampa/replicate_3/grampa_result.tre,True,False,0
Morales-Briones_2021,conf_ils_high_10M,grampa,4,/groups/itay_mayrose/tomulanovski/gene2net/simulations/networks/Morales-Briones_2021.tre,/groups/itay_mayrose/tomulanovski/gene2net/simulations/simulations/Morales-Briones_2021/results/conf_ils_high_10M/grampa/replicate_4/grampa_result.tre,True,False,0
Morales-Briones_2021,conf_ils_high_10M,grampa,5,/groups/itay_mayrose/tomulanovski/gene2net/simulations/networks/Morales-Briones_2021.tre,/groups/itay_mayrose/tomulanovski/gene2net/simulations/simulations/Morales-Briones_2021/results/conf_ils_high_10M/grampa/replicate_5/grampa_result.tre,True,False,0
Soza_2014,conf_ils_high_10M,grampa,1,/groups/itay_mayrose/tomulanovski/gene2net/simulations/networks/Soza_2014.tre,/groups/itay_mayrose/tomulanovski/gene2net/simulations/simulations/Soza_2014/results/conf_ils_high_10M/grampa/replicate_1/grampa_result.tre,True,True,1085
Soza_2014,conf_ils_high_10M,grampa,2,/groups/itay_mayrose/tomulanovski/gene2net/simulations/networks/Soza_2014.tre,/groups/itay_mayrose/tomulanovski/gene2net/simulations/simulations/Soza_2014/results/conf_ils_high_10M/grampa/replicate_2/grampa_result.tre,True,True,1085
Soza_2014,conf_ils_high_10M,grampa,3,/groups/itay_mayrose/tomulanovski/gene2net/simulations/networks/Soza_2014.tre,/groups/itay_mayrose/tomulanovski/gene2net/simulations/simulations/Soza_2014/results/conf_ils_high_10M/grampa/replicate_3/grampa_result.tre,True,True,1085
Soza_2014,conf_ils_high_10M,grampa,4,/groups/itay_mayrose/tomulanovski/gene2net/simulations/networks/Soza_2014.tre,/groups/itay_mayrose/tomulanovski/gene2net/simulations/simulations/Soza_2014/results/conf_ils_high_10M/grampa/replicate_4/grampa_result.tre,True,True,1085
Soza_2014,conf_ils_high_10M,grampa,5,/groups/itay_mayrose/tomulanovski/gene2net/simulations/networks/Soza_2014.tre,/groups/itay_mayrose/tomulanovski/gene2net/simulations/simulations/Soza_2014/results/conf_ils_high_10M/grampa/replicate_5/grampa_result.tre,True,True,1085
Bendiksby_2011,conf_ils_high_10M,polyphest_p50,1,/groups/itay_mayrose/tomulanovski/gene2net/simulations/networks/Bendiksby_2011.tre,/groups/itay_mayrose/tomulanovski/gene2net/simulations/simulations/Bendiksby_2011/results/conf_ils_high_10M/polyphest_p50/replicate_1/polyphest_result.tre,True,False,0
Bendiksby_2011,conf_ils_high_10M,polyphest_p50,2,/groups/itay_mayrose/tomulanovski/gene2net/simulations/networks/Bendiksby_2011.tre,/groups/itay_mayrose/tomulanovski/gene2net/simulations/simulations/Bendiksby_2011/results/conf_ils_high_10M/polyphest_p50/replicate_2/polyphest_result.tre,True,False,0
Bendiksby_2011,conf_ils_high_10M,polyphest_p50,3,/groups/itay_mayrose/tomulanovski/gene2net/simulations/networks/Bendiksby_2011.tre,/groups/itay_mayrose/tomulanovski/gene2net/simulations/simulations/Bendiksby_2011/results/conf_ils_high_10M/polyphest_p50/replicate_3/polyphest_result.tre,True,False,0
Bendiksby_2011,conf_ils_high_10M,polyphest_p50,4,/groups/itay_mayrose/tomulanovski/gene2net/simulations/networks/Bendiksby_2011.tre,/groups/itay_mayrose/tomulanovski/gene2net/simulations/simulations/Bendiksby_2011/results/conf_ils_high_10M/polyphest_p50/replicate_4/polyphest_result.tre,True,False,0
Bendiksby_2011,conf_ils_high_10M,polyphest_p50,5,/groups/itay_mayrose/tomulanovski/gene2net/simulations/networks/Bendiksby_2011.tre,/groups/itay_mayrose/tomulanovski/gene2net/simulations/simulations/Bendiksby_2011/results/conf_ils_high_10M/polyphest_p50/replicate_5/polyphest_result.tre,True,False,0
Koenen_2020,conf_ils_high_10M,polyphest_p50,1,/groups/itay_mayrose/tomulanovski/gene2net/simulations/networks/Koenen_2020.tre,/groups/itay_mayrose/tomulanovski/gene2net/simulations/simulations/Koenen_2020/results/conf_ils_high_10M/polyphest_p50/replicate_1/polyphest_result.tre,True,True,429
Koenen_2020,conf_ils_high_10M,polyphest_p50,2,/groups/itay_mayrose/tomulanovski/gene2net/simulations/networks/Koenen_2020.tre,/groups/itay_mayrose/tomulanovski/gene2net/simulations/simulations/Koenen_2020/results/conf_ils_high_10M/polyphest_p50/replicate_2/polyphest_result.tre,True,True,429
Koenen_2020,conf_ils_high_10M,polyphest_p50,3,/groups/itay_mayrose/tomulanovski/gene2net/simulations/networks/Koenen_2020.tre,/groups/itay_mayrose/tomulanovski/gene2net/simulations/simulations/Koenen_2020/results/conf_ils_high_10M/polyphest_p50/replicate_3/polyphest_result.tre,True,True,429
Koenen_2020,conf_ils_high_10M,polyphest_p50,4,/groups/itay_mayrose/tomulanovski/gene2net/simulations/networks/Koenen_2020.tre,/groups/itay_mayrose/tomulanovski/gene2net/simulations/simulations/Koenen_2020/results/conf_ils_high_10M/polyphest_p50/replicate_4/polyphest_result.tre,True,True,429
Koenen_2020,conf_ils_high_10M,polyphest_p50,5,/groups/itay_mayrose/tomulanovski/gene2net/simulations/networks/Koenen_2020.tre,/groups/itay_mayrose/tomulanovski/gene2net/simulations/simulations/Koenen_2020/results/conf_ils_high_10M/polyphest_p50/replicate_5/polyphest_result.tre,True,True,429
Brysting_2007,conf_ils_high_10M,polyphest_p50,1,/groups/itay_mayrose/tomulanovski/gene2net/simulations/networks/Brysting_2007.tre,/groups/itay_mayrose/tomulanovski/gene2net/simulations/simulations/Brysting_2007/results/conf_ils_high_10M/polyphest_p50/replicate_1/polyphest_result.tre,True,False,0
Brysting_2007,conf_ils_high_10M,polyphest_p50,2,/groups/itay_mayrose/tomulanovski/gene2net/simulations/networks/Brysting_2007.tre,/groups/itay_mayrose/tomulanovski/gene2net/simulations/simulations/Brysting_2007/results/conf_ils_high_10M/polyphest_p50/replicate_2/polyphest_result.tre,True,False,0
Brysting_2007,conf_ils_high_10M,polyphest_p50,3,/groups/itay_mayrose/tomulanovski/gene2net/simulations/networks/Brysting_2007.tre,/groups/itay_mayrose/tomulanovski/gene2net/simulations/simulations/Brysting_2007/results/conf_ils_high_10M/polyphest_p50/replicate_3/polyphest_result.tre,True,False,0
Brysting_2007,conf_ils_high_10M,polyphest_p50,4,/groups/itay_mayrose/tomulanovski/gene2net/simulations/networks/Brysting_2007.tre,/groups/itay_mayrose/tomulanovski/gene2net/simulations/simulations/Brysting_2007/results/conf_ils_high_10M/polyphest_p50/replicate_4/polyphest_result.tre,True,True,1314
Brysting_2007,conf_ils_high_10M,polyphest_p50,5,/groups/itay_mayrose/tomulanovski/gene2net/simulations/networks/Brysting_2007.tre,/groups/itay_mayrose/tomulanovski/gene2net/simulations/simulations/Brysting_2007/results/conf_ils_high_10M/polyphest_p50/replicate_5/polyphest_result.tre,True,False,0
Lawrence_2016,conf_ils_high_10M,polyphest_p50,1,/groups/itay_mayrose/tomulanovski/gene2net/simulations/networks/Lawrence_2016.tre,/groups/itay_mayrose/tomulanovski/gene2net/simulations/simulations/Lawrence_2016/results/conf_ils_high_10M/polyphest_p50/replicate_1/polyphest_result.tre,True,False,0
Lawrence_2016,conf_ils_high_10M,polyphest_p50,2,/groups/itay_mayrose/tomulanovski/gene2net/simulations/networks/Lawrence_2016.tre,/groups/itay_mayrose/tomulanovski/gene2net/simulations/simulations/Lawrence_2016/results/conf_ils_high_10M/polyphest_p50/replicate_2/polyphest_result.tre,True,False,0
Lawrence_2016,conf_ils_high_10M,polyphest_p50,3,/groups/itay_mayrose/tomulanovski/gene2net/simulations/networks/Lawrence_2016.tre,/groups/itay_mayrose/tomulanovski/gene2net/simulations/simulations/Lawrence_2016/results/conf_ils_high_10M/polyphest_p50/replicate_3/polyphest_result.tre,True,False,0
Lawrence_2016,conf_ils_high_10M,polyphest_p50,4,/groups/itay_mayrose/tomulanovski/gene2net/simulations/networks/Lawrence_2016.tre,/groups/itay_mayrose/tomulanovski/gene2net/simulations/simulations/Lawrence_2016/results/conf_ils_high_10M/polyphest_p50/replicate_4/polyphest_result.tre,True,False,0
Lawrence_2016,conf_ils_high_10M,polyphest_p50,5,/groups/itay_mayrose/tomulanovski/gene2net/simulations/networks/Lawrence_2016.tre,/groups/itay_mayrose/tomulanovski/gene2net/simulations/simulations/Lawrence_2016/results/conf_ils_high_10M/polyphest_p50/replicate_5/polyphest_result.tre,True,False,0
Diaz-Perez_2018,conf_ils_high_10M,polyphest_p50,1,/groups/itay_mayrose/tomulanovski/gene2net/simulations/networks/Diaz-Perez_2018.tre,/groups/itay_mayrose/tomulanovski/gene2net/simulations/simulations/Diaz-Perez_2018/results/conf_ils_high_10M/polyphest_p50/replicate_1/polyphest_result.tre,True,True,762
Diaz-Perez_2018,conf_ils_high_10M,polyphest_p50,2,/groups/itay_mayrose/tomulanovski/gene2net/simulations/networks/Diaz-Perez_2018.tre,/groups/itay_mayrose/tomulanovski/gene2net/simulations/simulations/Diaz-Perez_2018/results/conf_ils_high_10M/polyphest_p50/replicate_2/polyphest_result.tre,True,True,762
Diaz-Perez_2018,conf_ils_high_10M,polyphest_p50,3,/groups/itay_mayrose/tomulanovski/gene2net/simulations/networks/Diaz-Perez_2018.tre,/groups/itay_mayrose/tomulanovski/gene2net/simulations/simulations/Diaz-Perez_2018/results/conf_ils_high_10M/polyphest_p50/replicate_3/polyphest_result.tre,True,True,762
Diaz-Perez_2018,conf_ils_high_10M,polyphest_p50,4,/groups/itay_mayrose/tomulanovski/gene2net/simulations/networks/Diaz-Perez_2018.tre,/groups/itay_mayrose/tomulanovski/gene2net/simulations/simulations/Diaz-Perez_2018/results/conf_ils_high_10M/polyphest_p50/replicate_4/polyphest_result.tre,True,True,762
Diaz-Perez_2018,conf_ils_high_10M,polyphest_p50,5,/groups/itay_mayrose/tomulanovski/gene2net/simulations/networks/Diaz-Perez_2018.tre,/groups/itay_mayrose/tomulanovski/gene2net/simulations/simulations/Diaz-Perez_2018/results/conf_ils_high_10M/polyphest_p50/replicate_5/polyphest_result.tre,True,True,762
Wisecaver_2023,conf_ils_high_10M,polyphest_p50,1,/groups/itay_mayrose/tomulanovski/gene2net/simulations/networks/Wisecaver_2023.tre,/groups/itay_mayrose/tomulanovski/gene2net/simulations/simulations/Wisecaver_2023/results/conf_ils_high_10M/polyphest_p50/replicate_1/polyphest_result.tre,True,True,148
Wisecaver_2023,conf_ils_high_10M,polyphest_p50,2,/groups/itay_mayrose/tomulanovski/gene2net/simulations/networks/Wisecaver_2023.tre,/groups/itay_mayrose/tomulanovski/gene2net/simulations/simulations/Wisecaver_2023/results/conf_ils_high_10M/polyphest_p50/replicate_2/polyphest_result.tre,True,True,148
Wisecaver_2023,conf_ils_high_10M,polyphest_p50,3,/groups/itay_mayrose/tomulanovski/gene2net/simulations/networks/Wisecaver_2023.tre,/groups/itay_mayrose/tomulanovski/gene2net/simulations/simulations/Wisecaver_2023/results/conf_ils_high_10M/polyphest_p50/replicate_3/polyphest_result.tre,True,True,148
Wisecaver_2023,conf_ils_high_10M,polyphest_p50,4,/groups/itay_mayrose/tomulanovski/gene2net/simulations/networks/Wisecaver_2023.tre,/groups/itay_mayrose/tomulanovski/gene2net/simulations/simulations/Wisecaver_2023/results/conf_ils_high_10M/polyphest_p50/replicate_4/polyphest_result.tre,True,True,148
Wisecaver_2023,conf_ils_high_10M,polyphest_p50,5,/groups/itay_mayrose/tomulanovski/gene2net/simulations/networks/Wisecaver_2023.tre,/groups/itay_mayrose/tomulanovski/gene2net/simulations/simulations/Wisecaver_2023/results/conf_ils_high_10M/polyphest_p50/replicate_5/polyphest_result.tre,True,True,148
Ding_2023,conf_ils_high_10M,polyphest_p50,1,/groups/itay_mayrose/tomulanovski/gene2net/simulations/networks/Ding_2023.tre,/groups/itay_mayrose/tomulanovski/gene2net/simulations/simulations/Ding_2023/results/conf_ils_high_10M/polyphest_p50/replicate_1/polyphest_result.tre,True,True,113
Ding_2023,conf_ils_high_10M,polyphest_p50,2,/groups/itay_mayrose/tomulanovski/gene2net/simulations/networks/Ding_2023.tre,/groups/itay_mayrose/tomulanovski/gene2net/simulations/simulations/Ding_2023/results/conf_ils_high_10M/polyphest_p50/replicate_2/polyphest_result.tre,True,True,113
Ding_2023,conf_ils_high_10M,polyphest_p50,3,/groups/itay_mayrose/tomulanovski/gene2net/simulations/networks/Ding_2023.tre,/groups/itay_mayrose/tomulanovski/gene2net/simulations/simulations/Ding_2023/results/conf_ils_high_10M/polyphest_p50/replicate_3/polyphest_result.tre,True,True,113
Ding_2023,conf_ils_high_10M,polyphest_p50,4,/groups/itay_mayrose/tomulanovski/gene2net/simulations/networks/Ding_2023.tre,/groups/itay_mayrose/tomulanovski/gene2net/simulations/simulations/Ding_2023/results/conf_ils_high_10M/polyphest_p50/replicate_4/polyphest_result.tre,True,True,113
Ding_2023,conf_ils_high_10M,polyphest_p50,5,/groups/itay_mayrose/tomulanovski/gene2net/simulations/networks/Ding_2023.tre,/groups/itay_mayrose/tomulanovski/gene2net/simulations/simulations/Ding_2023/results/conf_ils_high_10M/polyphest_p50/replicate_5/polyphest_result.tre,True,True,113
Liang_2019,conf_ils_high_10M,polyphest_p50,1,/groups/itay_mayrose/tomulanovski/gene2net/simulations/networks/Liang_2019.tre,/groups/itay_mayrose/tomulanovski/gene2net/simulations/simulations/Liang_2019/results/conf_ils_high_10M/polyphest_p50/replicate_1/polyphest_result.tre,True,True,1471
Liang_2019,conf_ils_high_10M,polyphest_p50,2,/groups/itay_mayrose/tomulanovski/gene2net/simulations/networks/Liang_2019.tre,/groups/itay_mayrose/tomulanovski/gene2net/simulations/simulations/Liang_2019/results/conf_ils_high_10M/polyphest_p50/replicate_2/polyphest_result.tre,True,True,1471
Liang_2019,conf_ils_high_10M,polyphest_p50,3,/groups/itay_mayrose/tomulanovski/gene2net/simulations/networks/Liang_2019.tre,/groups/itay_mayrose/tomulanovski/gene2net/simulations/simulations/Liang_2019/results/conf_ils_high_10M/polyphest_p50/replicate_3/polyphest_result.tre,True,True,1471
Liang_2019,conf_ils_high_10M,polyphest_p50,4,/groups/itay_mayrose/tomulanovski/gene2net/simulations/networks/Liang_2019.tre,/groups/itay_mayrose/tomulanovski/gene2net/simulations/simulations/Liang_2019/results/conf_ils_high_10M/polyphest_p50/replicate_4/polyphest_result.tre,True,True,1471
Liang_2019,conf_ils_high_10M,polyphest_p50,5,/groups/itay_mayrose/tomulanovski/gene2net/simulations/networks/Liang_2019.tre,/groups/itay_mayrose/tomulanovski/gene2net/simulations/simulations/Liang_2019/results/conf_ils_high_10M/polyphest_p50/replicate_5/polyphest_result.tre,True,True,1471
Popp_2005,conf_ils_high_10M,polyphest_p50,1,/groups/itay_mayrose/tomulanovski/gene2net/simulations/networks/Popp_2005.tre,/groups/itay_mayrose/tomulanovski/gene2net/simulations/simulations/Popp_2005/results/conf_ils_high_10M/polyphest_p50/replicate_1/polyphest_result.tre,True,True,313
Popp_2005,conf_ils_high_10M,polyphest_p50,2,/groups/itay_mayrose/tomulanovski/gene2net/simulations/networks/Popp_2005.tre,/groups/itay_mayrose/tomulanovski/gene2net/simulations/simulations/Popp_2005/results/conf_ils_high_10M/polyphest_p50/replicate_2/polyphest_result.tre,True,True,313
Popp_2005,conf_ils_high_10M,polyphest_p50,3,/groups/itay_mayrose/tomulanovski/gene2net/simulations/networks/Popp_2005.tre,/groups/itay_mayrose/tomulanovski/gene2net/simulations/simulations/Popp_2005/results/conf_ils_high_10M/polyphest_p50/replicate_3/polyphest_result.tre,True,True,313
Popp_2005,conf_ils_high_10M,polyphest_p50,4,/groups/itay_mayrose/tomulanovski/gene2net/simulations/networks/Popp_2005.tre,/groups/itay_mayrose/tomulanovski/gene2net/simulations/simulations/Popp_2005/results/conf_ils_high_10M/polyphest_p50/replicate_4/polyphest_result.tre,True,True,313
Popp_2005,conf_ils_high_10M,polyphest_p50,5,/groups/itay_mayrose/tomulanovski/gene2net/simulations/networks/Popp_2005.tre,/groups/itay_mayrose/tomulanovski/gene2net/simulations/simulations/Popp_2005/results/conf_ils_high_10M/polyphest_p50/replicate_5/polyphest_result.tre,True,True,313
Wu_2015,conf_ils_high_10M,polyphest_p50,1,/groups/itay_mayrose/tomulanovski/gene2net/simulations/networks/Wu_2015.tre,/groups/itay_mayrose/tomulanovski/gene2net/simulations/simulations/Wu_2015/results/conf_ils_high_10M/polyphest_p50/replicate_1/polyphest_result.tre,True,True,235
Wu_2015,conf_ils_high_10M,polyphest_p50,2,/groups/itay_mayrose/tomulanovski/gene2net/simulations/networks/Wu_2015.tre,/groups/itay_mayrose/tomulanovski/gene2net/simulations/simulations/Wu_2015/results/conf_ils_high_10M/polyphest_p50/replicate_2/polyphest_result.tre,True,True,235
Wu_2015,conf_ils_high_10M,polyphest_p50,3,/groups/itay_mayrose/tomulanovski/gene2net/simulations/networks/Wu_2015.tre,/groups/itay_mayrose/tomulanovski/gene2net/simulations/simulations/Wu_2015/results/conf_ils_high_10M/polyphest_p50/replicate_3/polyphest_result.tre,True,True,235
Wu_2015,conf_ils_high_10M,polyphest_p50,4,/groups/itay_mayrose/tomulanovski/gene2net/simulations/networks/Wu_2015.tre,/groups/itay_mayrose/tomulanovski/gene2net/simulations/simulations/Wu_2015/results/conf_ils_high_10M/polyphest_p50/replicate_4/polyphest_result.tre,True,True,235
Wu_2015,conf_ils_high_10M,polyphest_p50,5,/groups/itay_mayrose/tomulanovski/gene2net/simulations/networks/Wu_2015.tre,/groups/itay_mayrose/tomulanovski/gene2net/simulations/simulations/Wu_2015/results/conf_ils_high_10M/polyphest_p50/replicate_5/polyphest_result.tre,True,True,235
Liu_2023,conf_ils_high_10M,polyphest_p50,1,/groups/itay_mayrose/tomulanovski/gene2net/simulations/networks/Liu_2023.tre,/groups/itay_mayrose/tomulanovski/gene2net/simulations/simulations/Liu_2023/results/conf_ils_high_10M/polyphest_p50/replicate_1/polyphest_result.tre,True,False,0
Liu_2023,conf_ils_high_10M,polyphest_p50,2,/groups/itay_mayrose/tomulanovski/gene2net/simulations/networks/Liu_2023.tre,/groups/itay_mayrose/tomulanovski/gene2net/simulations/simulations/Liu_2023/results/conf_ils_high_10M/polyphest_p50/replicate_2/polyphest_result.tre,True,False,0
Liu_2023,conf_ils_high_10M,polyphest_p50,3,/groups/itay_mayrose/tomulanovski/gene2net/simulations/networks/Liu_2023.tre,/groups/itay_mayrose/tomulanovski/gene2net/simulations/simulations/Liu_2023/results/conf_ils_high_10M/polyphest_p50/replicate_3/polyphest_result.tre,True,False,0
Liu_2023,conf_ils_high_10M,polyphest_p50,4,/groups/itay_mayrose/tomulanovski/gene2net/simulations/networks/Liu_2023.tre,/groups/itay_mayrose/tomulanovski/gene2net/simulations/simulations/Liu_2023/results/conf_ils_high_10M/polyphest_p50/replicate_4/polyphest_result.tre,True,False,0
Liu_2023,conf_ils_high_10M,polyphest_p50,5,/groups/itay_mayrose/tomulanovski/gene2net/simulations/networks/Liu_2023.tre,/groups/itay_mayrose/tomulanovski/gene2net/simulations/simulations/Liu_2023/results/conf_ils_high_10M/polyphest_p50/replicate_5/polyphest_result.tre,True,False,0
Ren_2024,conf_ils_high_10M,polyphest_p50,1,/groups/itay_mayrose/tomulanovski/gene2net/simulations/networks/Ren_2024.tre,/groups/itay_mayrose/tomulanovski/gene2net/simulations/simulations/Ren_2024/results/conf_ils_high_10M/polyphest_p50/replicate_1/polyphest_result.tre,True,True,247
Ren_2024,conf_ils_high_10M,polyphest_p50,2,/groups/itay_mayrose/tomulanovski/gene2net/simulations/networks/Ren_2024.tre,/groups/itay_mayrose/tomulanovski/gene2net/simulations/simulations/Ren_2024/results/conf_ils_high_10M/polyphest_p50/replicate_2/polyphest_result.tre,True,True,247
Ren_2024,conf_ils_high_10M,polyphest_p50,3,/groups/itay_mayrose/tomulanovski/gene2net/simulations/networks/Ren_2024.tre,/groups/itay_mayrose/tomulanovski/gene2net/simulations/simulations/Ren_2024/results/conf_ils_high_10M/polyphest_p50/replicate_3/polyphest_result.tre,True,True,247
Ren_2024,conf_ils_high_10M,polyphest_p50,4,/groups/itay_mayrose/tomulanovski/gene2net/simulations/networks/Ren_2024.tre,/groups/itay_mayrose/tomulanovski/gene2net/simulations/simulations/Ren_2024/results/conf_ils_high_10M/polyphest_p50/replicate_4/polyphest_result.tre,True,True,247
Ren_2024,conf_ils_high_10M,polyphest_p50,5,/groups/itay_mayrose/tomulanovski/gene2net/simulations/networks/Ren_2024.tre,/groups/itay_mayrose/tomulanovski/gene2net/simulations/simulations/Ren_2024/results/conf_ils_high_10M/polyphest_p50/replicate_5/polyphest_result.tre,True,True,247
Marcussen_2011,conf_ils_high_10M,polyphest_p50,1,/groups/itay_mayrose/tomulanovski/gene2net/simulations/networks/Marcussen_2011.tre,/groups/itay_mayrose/tomulanovski/gene2net/simulations/simulations/Marcussen_2011/results/conf_ils_high_10M/polyphest_p50/replicate_1/polyphest_result.tre,True,True,410
Marcussen_2011,conf_ils_high_10M,polyphest_p50,2,/groups/itay_mayrose/tomulanovski/gene2net/simulations/networks/Marcussen_2011.tre,/groups/itay_mayrose/tomulanovski/gene2net/simulations/simulations/Marcussen_2011/results/conf_ils_high_10M/polyphest_p50/replicate_2/polyphest_result.tre,True,True,410
Marcussen_2011,conf_ils_high_10M,polyphest_p50,3,/groups/itay_mayrose/tomulanovski/gene2net/simulations/networks/Marcussen_2011.tre,/groups/itay_mayrose/tomulanovski/gene2net/simulations/simulations/Marcussen_2011/results/conf_ils_high_10M/polyphest_p50/replicate_3/polyphest_result.tre,True,True,410
Marcussen_2011,conf_ils_high_10M,polyphest_p50,4,/groups/itay_mayrose/tomulanovski/gene2net/simulations/networks/Marcussen_2011.tre,/groups/itay_mayrose/tomulanovski/gene2net/simulations/simulations/Marcussen_2011/results/conf_ils_high_10M/polyphest_p50/replicate_4/polyphest_result.tre,True,True,410
Marcussen_2011,conf_ils_high_10M,polyphest_p50,5,/groups/itay_mayrose/tomulanovski/gene2net/simulations/networks/Marcussen_2011.tre,/groups/itay_mayrose/tomulanovski/gene2net/simulations/simulations/Marcussen_2011/results/conf_ils_high_10M/polyphest_p50/replicate_5/polyphest_result.tre,True,True,410
Marcussen_2012,conf_ils_high_10M,polyphest_p50,1,/groups/itay_mayrose/tomulanovski/gene2net/simulations/networks/Marcussen_2012.tre,/groups/itay_mayrose/tomulanovski/gene2net/simulations/simulations/Marcussen_2012/results/conf_ils_high_10M/polyphest_p50/replicate_1/polyphest_result.tre,True,False,0
Marcussen_2012,conf_ils_high_10M,polyphest_p50,2,/groups/itay_mayrose/tomulanovski/gene2net/simulations/networks/Marcussen_2012.tre,/groups/itay_mayrose/tomulanovski/gene2net/simulations/simulations/Marcussen_2012/results/conf_ils_high_10M/polyphest_p50/replicate_2/polyphest_result.tre,True,False,0
Marcussen_2012,conf_ils_high_10M,polyphest_p50,3,/groups/itay_mayrose/tomulanovski/gene2net/simulations/networks/Marcussen_2012.tre,/groups/itay_mayrose/tomulanovski/gene2net/simulations/simulations/Marcussen_2012/results/conf_ils_high_10M/polyphest_p50/replicate_3/polyphest_result.tre,True,False,0
Marcussen_2012,conf_ils_high_10M,polyphest_p50,4,/groups/itay_mayrose/tomulanovski/gene2net/simulations/networks/Marcussen_2012.tre,/groups/itay_mayrose/tomulanovski/gene2net/simulations/simulations/Marcussen_2012/results/conf_ils_high_10M/polyphest_p50/replicate_4/polyphest_result.tre,True,False,0
Marcussen_2012,conf_ils_high_10M,polyphest_p50,5,/groups/itay_mayrose/tomulanovski/gene2net/simulations/networks/Marcussen_2012.tre,/groups/itay_mayrose/tomulanovski/gene2net/simulations/simulations/Marcussen_2012/results/conf_ils_high_10M/polyphest_p50/replicate_5/polyphest_result.tre,True,False,0
Sessa_2012b,conf_ils_high_10M,polyphest_p50,1,/groups/itay_mayrose/tomulanovski/gene2net/simulations/networks/Sessa_2012b.tre,/groups/itay_mayrose/tomulanovski/gene2net/simulations/simulations/Sessa_2012b/results/conf_ils_high_10M/polyphest_p50/replicate_1/polyphest_result.tre,True,False,0
Sessa_2012b,conf_ils_high_10M,polyphest_p50,2,/groups/itay_mayrose/tomulanovski/gene2net/simulations/networks/Sessa_2012b.tre,/groups/itay_mayrose/tomulanovski/gene2net/simulations/simulations/Sessa_2012b/results/conf_ils_high_10M/polyphest_p50/replicate_2/polyphest_result.tre,True,False,0
Sessa_2012b,conf_ils_high_10M,polyphest_p50,3,/groups/itay_mayrose/tomulanovski/gene2net/simulations/networks/Sessa_2012b.tre,/groups/itay_mayrose/tomulanovski/gene2net/simulations/simulations/Sessa_2012b/results/conf_ils_high_10M/polyphest_p50/replicate_3/polyphest_result.tre,True,False,0
Sessa_2012b,conf_ils_high_10M,polyphest_p50,4,/groups/itay_mayrose/tomulanovski/gene2net/simulations/networks/Sessa_2012b.tre,/groups/itay_mayrose/tomulanovski/gene2net/simulations/simulations/Sessa_2012b/results/conf_ils_high_10M/polyphest_p50/replicate_4/polyphest_result.tre,True,False,0
Sessa_2012b,conf_ils_high_10M,polyphest_p50,5,/groups/itay_mayrose/tomulanovski/gene2net/simulations/networks/Sessa_2012b.tre,/groups/itay_mayrose/tomulanovski/gene2net/simulations/simulations/Sessa_2012b/results/conf_ils_high_10M/polyphest_p50/replicate_5/polyphest_result.tre,True,False,0
Zhao_2021,conf_ils_high_10M,polyphest_p50,1,/groups/itay_mayrose/tomulanovski/gene2net/simulations/networks/Zhao_2021.tre,/groups/itay_mayrose/tomulanovski/gene2net/simulations/simulations/Zhao_2021/results/conf_ils_high_10M/polyphest_p50/replicate_1/polyphest_result.tre,True,True,270
Zhao_2021,conf_ils_high_10M,polyphest_p50,2,/groups/itay_mayrose/tomulanovski/gene2net/simulations/networks/Zhao_2021.tre,/groups/itay_mayrose/tomulanovski/gene2net/simulations/simulations/Zhao_2021/results/conf_ils_high_10M/polyphest_p50/replicate_2/polyphest_result.tre,True,True,270
Zhao_2021,conf_ils_high_10M,polyphest_p50,3,/groups/itay_mayrose/tomulanovski/gene2net/simulations/networks/Zhao_2021.tre,/groups/itay_mayrose/tomulanovski/gene2net/simulations/simulations/Zhao_2021/results/conf_ils_high_10M/polyphest_p50/replicate_3/polyphest_result.tre,True,True,270
Zhao_2021,conf_ils_high_10M,polyphest_p50,4,/groups/itay_mayrose/tomulanovski/gene2net/simulations/networks/Zhao_2021.tre,/groups/itay_mayrose/tomulanovski/gene2net/simulations/simulations/Zhao_2021/results/conf_ils_high_10M/polyphest_p50/replicate_4/polyphest_result.tre,True,False,0
Zhao_2021,conf_ils_high_10M,polyphest_p50,5,/groups/itay_mayrose/tomulanovski/gene2net/simulations/networks/Zhao_2021.tre,/groups/itay_mayrose/tomulanovski/gene2net/simulations/simulations/Zhao_2021/results/conf_ils_high_10M/polyphest_p50/replicate_5/polyphest_result.tre,True,False,0
Hori_2014,conf_ils_high_10M,polyphest_p50,1,/groups/itay_mayrose/tomulanovski/gene2net/simulations/networks/Hori_2014.tre,/groups/itay_mayrose/tomulanovski/gene2net/simulations/simulations/Hori_2014/results/conf_ils_high_10M/polyphest_p50/replicate_1/polyphest_result.tre,True,True,348
Hori_2014,conf_ils_high_10M,polyphest_p50,2,/groups/itay_mayrose/tomulanovski/gene2net/simulations/networks/Hori_2014.tre,/groups/itay_mayrose/tomulanovski/gene2net/simulations/simulations/Hori_2014/results/conf_ils_high_10M/polyphest_p50/replicate_2/polyphest_result.tre,True,True,348
Hori_2014,conf_ils_high_10M,polyphest_p50,3,/groups/itay_mayrose/tomulanovski/gene2net/simulations/networks/Hori_2014.tre,/groups/itay_mayrose/tomulanovski/gene2net/simulations/simulations/Hori_2014/results/conf_ils_high_10M/polyphest_p50/replicate_3/polyphest_result.tre,True,True,348
Hori_2014,conf_ils_high_10M,polyphest_p50,4,/groups/itay_mayrose/tomulanovski/gene2net/simulations/networks/Hori_2014.tre,/groups/itay_mayrose/tomulanovski/gene2net/simulations/simulations/Hori_2014/results/conf_ils_high_10M/polyphest_p50/replicate_4/polyphest_result.tre,True,True,348
Hori_2014,conf_ils_high_10M,polyphest_p50,5,/groups/itay_mayrose/tomulanovski/gene2net/simulations/networks/Hori_2014.tre,/groups/itay_mayrose/tomulanovski/gene2net/simulations/simulations/Hori_2014/results/conf_ils_high_10M/polyphest_p50/replicate_5/polyphest_result.tre,True,True,348
Marcussen_2015,conf_ils_high_10M,polyphest_p50,1,/groups/itay_mayrose/tomulanovski/gene2net/simulations/networks/Marcussen_2015.tre,/groups/itay_mayrose/tomulanovski/gene2net/simulations/simulations/Marcussen_2015/results/conf_ils_high_10M/polyphest_p50/replicate_1/polyphest_result.tre,True,False,0
Marcussen_2015,conf_ils_high_10M,polyphest_p50,2,/groups/itay_mayrose/tomulanovski/gene2net/simulations/networks/Marcussen_2015.tre,/groups/itay_mayrose/tomulanovski/gene2net/simulations/simulations/Marcussen_2015/results/conf_ils_high_10M/polyphest_p50/replicate_2/polyphest_result.tre,True,False,0
Marcussen_2015,conf_ils_high_10M,polyphest_p50,3,/groups/itay_mayrose/tomulanovski/gene2net/simulations/networks/Marcussen_2015.tre,/groups/itay_mayrose/tomulanovski/gene2net/simulations/simulations/Marcussen_2015/results/conf_ils_high_10M/polyphest_p50/replicate_3/polyphest_result.tre,True,False,0
Marcussen_2015,conf_ils_high_10M,polyphest_p50,4,/groups/itay_mayrose/tomulanovski/gene2net/simulations/networks/Marcussen_2015.tre,/groups/itay_mayrose/tomulanovski/gene2net/simulations/simulations/Marcussen_2015/results/conf_ils_high_10M/polyphest_p50/replicate_4/polyphest_result.tre,True,False,0
Marcussen_2015,conf_ils_high_10M,polyphest_p50,5,/groups/itay_mayrose/tomulanovski/gene2net/simulations/networks/Marcussen_2015.tre,/groups/itay_mayrose/tomulanovski/gene2net/simulations/simulations/Marcussen_2015/results/conf_ils_high_10M/polyphest_p50/replicate_5/polyphest_result.tre,True,False,0
Shahrestani_2015,conf_ils_high_10M,polyphest_p50,1,/groups/itay_mayrose/tomulanovski/gene2net/simulations/networks/Shahrestani_2015.tre,/groups/itay_mayrose/tomulanovski/gene2net/simulations/simulations/Shahrestani_2015/results/conf_ils_high_10M/polyphest_p50/replicate_1/polyphest_result.tre,True,True,119
Shahrestani_2015,conf_ils_high_10M,polyphest_p50,2,/groups/itay_mayrose/tomulanovski/gene2net/simulations/networks/Shahrestani_2015.tre,/groups/itay_mayrose/tomulanovski/gene2net/simulations/simulations/Shahrestani_2015/results/conf_ils_high_10M/polyphest_p50/replicate_2/polyphest_result.tre,True,True,119
Shahrestani_2015,conf_ils_high_10M,polyphest_p50,3,/groups/itay_mayrose/tomulanovski/gene2net/simulations/networks/Shahrestani_2015.tre,/groups/itay_mayrose/tomulanovski/gene2net/simulations/simulations/Shahrestani_2015/results/conf_ils_high_10M/polyphest_p50/replicate_3/polyphest_result.tre,True,True,119
Shahrestani_2015,conf_ils_high_10M,polyphest_p50,4,/groups/itay_mayrose/tomulanovski/gene2net/simulations/networks/Shahrestani_2015.tre,/groups/itay_mayrose/tomulanovski/gene2net/simulations/simulations/Shahrestani_2015/results/conf_ils_high_10M/polyphest_p50/replicate_4/polyphest_result.tre,True,True,119
Shahrestani_2015,conf_ils_high_10M,polyphest_p50,5,/groups/itay_mayrose/tomulanovski/gene2net/simulations/networks/Shahrestani_2015.tre,/groups/itay_mayrose/tomulanovski/gene2net/simulations/simulations/Shahrestani_2015/results/conf_ils_high_10M/polyphest_p50/replicate_5/polyphest_result.tre,True,True,119
Morales-Briones_2021,conf_ils_high_10M,polyphest_p50,1,/groups/itay_mayrose/tomulanovski/gene2net/simulations/networks/Morales-Briones_2021.tre,/groups/itay_mayrose/tomulanovski/gene2net/simulations/simulations/Morales-Briones_2021/results/conf_ils_high_10M/polyphest_p50/replicate_1/polyphest_result.tre,True,False,0
Morales-Briones_2021,conf_ils_high_10M,polyphest_p50,2,/groups/itay_mayrose/tomulanovski/gene2net/simulations/networks/Morales-Briones_2021.tre,/groups/itay_mayrose/tomulanovski/gene2net/simulations/simulations/Morales-Briones_2021/results/conf_ils_high_10M/polyphest_p50/replicate_2/polyphest_result.tre,True,False,0
Morales-Briones_2021,conf_ils_high_10M,polyphest_p50,3,/groups/itay_mayrose/tomulanovski/gene2net/simulations/networks/Morales-Briones_2021.tre,/groups/itay_mayrose/tomulanovski/gene2net/simulations/simulations/Morales-Briones_2021/results/conf_ils_high_10M/polyphest_p50/replicate_3/polyphest_result.tre,True,False,0
Morales-Briones_2021,conf_ils_high_10M,polyphest_p50,4,/groups/itay_mayrose/tomulanovski/gene2net/simulations/networks/Morales-Briones_2021.tre,/groups/itay_mayrose/tomulanovski/gene2net/simulations/simulations/Morales-Briones_2021/results/conf_ils_high_10M/polyphest_p50/replicate_4/polyphest_result.tre,True,False,0
Morales-Briones_2021,conf_ils_high_10M,polyphest_p50,5,/groups/itay_mayrose/tomulanovski/gene2net/simulations/networks/Morales-Briones_2021.tre,/groups/itay_mayrose/tomulanovski/gene2net/simulations/simulations/Morales-Briones_2021/results/conf_ils_high_10M/polyphest_p50/replicate_5/polyphest_result.tre,True,False,0
Soza_2014,conf_ils_high_10M,polyphest_p50,1,/groups/itay_mayrose/tomulanovski/gene2net/simulations/networks/Soza_2014.tre,/groups/itay_mayrose/tomulanovski/gene2net/simulations/simulations/Soza_2014/results/conf_ils_high_10M/polyphest_p50/replicate_1/polyphest_result.tre,True,False,0
Soza_2014,conf_ils_high_10M,polyphest_p50,2,/groups/itay_mayrose/tomulanovski/gene2net/simulations/networks/Soza_2014.tre,/groups/itay_mayrose/tomulanovski/gene2net/simulations/simulations/Soza_2014/results/conf_ils_high_10M/polyphest_p50/replicate_2/polyphest_result.tre,True,False,0
Soza_2014,conf_ils_high_10M,polyphest_p50,3,/groups/itay_mayrose/tomulanovski/gene2net/simulations/networks/Soza_2014.tre,/groups/itay_mayrose/tomulanovski/gene2net/simulations/simulations/Soza_2014/results/conf_ils_high_10M/polyphest_p50/replicate_3/polyphest_result.tre,True,False,0
Soza_2014,conf_ils_high_10M,polyphest_p50,4,/groups/itay_mayrose/tomulanovski/gene2net/simulations/networks/Soza_2014.tre,/groups/itay_mayrose/tomulanovski/gene2net/simulations/simulations/Soza_2014/results/conf_ils_high_10M/polyphest_p50/replicate_4/polyphest_result.tre,True,False,0
Soza_2014,conf_ils_high_10M,polyphest_p50,5,/groups/itay_mayrose/tomulanovski/gene2net/simulations/networks/Soza_2014.tre,/groups/itay_mayrose/tomulanovski/gene2net/simulations/simulations/Soza_2014/results/conf_ils_high_10M/polyphest_p50/replicate_5/polyphest_result.tre,True,False,0
Bendiksby_2011,conf_ils_high_10M,polyphest_p70,1,/groups/itay_mayrose/tomulanovski/gene2net/simulations/networks/Bendiksby_2011.tre,/groups/itay_mayrose/tomulanovski/gene2net/simulations/simulations/Bendiksby_2011/results/conf_ils_high_10M/polyphest_p70/replicate_1/polyphest_result.tre,True,False,0
Bendiksby_2011,conf_ils_high_10M,polyphest_p70,2,/groups/itay_mayrose/tomulanovski/gene2net/simulations/networks/Bendiksby_2011.tre,/groups/itay_mayrose/tomulanovski/gene2net/simulations/simulations/Bendiksby_2011/results/conf_ils_high_10M/polyphest_p70/replicate_2/polyphest_result.tre,True,False,0
Bendiksby_2011,conf_ils_high_10M,polyphest_p70,3,/groups/itay_mayrose/tomulanovski/gene2net/simulations/networks/Bendiksby_2011.tre,/groups/itay_mayrose/tomulanovski/gene2net/simulations/simulations/Bendiksby_2011/results/conf_ils_high_10M/polyphest_p70/replicate_3/polyphest_result.tre,True,True,1082
Bendiksby_2011,conf_ils_high_10M,polyphest_p70,4,/groups/itay_mayrose/tomulanovski/gene2net/simulations/networks/Bendiksby_2011.tre,/groups/itay_mayrose/tomulanovski/gene2net/simulations/simulations/Bendiksby_2011/results/conf_ils_high_10M/polyphest_p70/replicate_4/polyphest_result.tre,True,True,1082
Bendiksby_2011,conf_ils_high_10M,polyphest_p70,5,/groups/itay_mayrose/tomulanovski/gene2net/simulations/networks/Bendiksby_2011.tre,/groups/itay_mayrose/tomulanovski/gene2net/simulations/simulations/Bendiksby_2011/results/conf_ils_high_10M/polyphest_p70/replicate_5/polyphest_result.tre,True,False,0
Koenen_2020,conf_ils_high_10M,polyphest_p70,1,/groups/itay_mayrose/tomulanovski/gene2net/simulations/networks/Koenen_2020.tre,/groups/itay_mayrose/tomulanovski/gene2net/simulations/simulations/Koenen_2020/results/conf_ils_high_10M/polyphest_p70/replicate_1/polyphest_result.tre,True,True,429
Koenen_2020,conf_ils_high_10M,polyphest_p70,2,/groups/itay_mayrose/tomulanovski/gene2net/simulations/networks/Koenen_2020.tre,/groups/itay_mayrose/tomulanovski/gene2net/simulations/simulations/Koenen_2020/results/conf_ils_high_10M/polyphest_p70/replicate_2/polyphest_result.tre,True,True,429
Koenen_2020,conf_ils_high_10M,polyphest_p70,3,/groups/itay_mayrose/tomulanovski/gene2net/simulations/networks/Koenen_2020.tre,/groups/itay_mayrose/tomulanovski/gene2net/simulations/simulations/Koenen_2020/results/conf_ils_high_10M/polyphest_p70/replicate_3/polyphest_result.tre,True,True,429
Koenen_2020,conf_ils_high_10M,polyphest_p70,4,/groups/itay_mayrose/tomulanovski/gene2net/simulations/networks/Koenen_2020.tre,/groups/itay_mayrose/tomulanovski/gene2net/simulations/simulations/Koenen_2020/results/conf_ils_high_10M/polyphest_p70/replicate_4/polyphest_result.tre,True,True,429
Koenen_2020,conf_ils_high_10M,polyphest_p70,5,/groups/itay_mayrose/tomulanovski/gene2net/simulations/networks/Koenen_2020.tre,/groups/itay_mayrose/tomulanovski/gene2net/simulations/simulations/Koenen_2020/results/conf_ils_high_10M/polyphest_p70/replicate_5/polyphest_result.tre,True,True,429
Brysting_2007,conf_ils_high_10M,polyphest_p70,1,/groups/itay_mayrose/tomulanovski/gene2net/simulations/networks/Brysting_2007.tre,/groups/itay_mayrose/tomulanovski/gene2net/simulations/simulations/Brysting_2007/results/conf_ils_high_10M/polyphest_p70/replicate_1/polyphest_result.tre,True,True,1314
Brysting_2007,conf_ils_high_10M,polyphest_p70,2,/groups/itay_mayrose/tomulanovski/gene2net/simulations/networks/Brysting_2007.tre,/groups/itay_mayrose/tomulanovski/gene2net/simulations/simulations/Brysting_2007/results/conf_ils_high_10M/polyphest_p70/replicate_2/polyphest_result.tre,True,True,1314
Brysting_2007,conf_ils_high_10M,polyphest_p70,3,/groups/itay_mayrose/tomulanovski/gene2net/simulations/networks/Brysting_2007.tre,/groups/itay_mayrose/tomulanovski/gene2net/simulations/simulations/Brysting_2007/results/conf_ils_high_10M/polyphest_p70/replicate_3/polyphest_result.tre,True,True,1314
Brysting_2007,conf_ils_high_10M,polyphest_p70,4,/groups/itay_mayrose/tomulanovski/gene2net/simulations/networks/Brysting_2007.tre,/groups/itay_mayrose/tomulanovski/gene2net/simulations/simulations/Brysting_2007/results/conf_ils_high_10M/polyphest_p70/replicate_4/polyphest_result.tre,True,True,1314
Brysting_2007,conf_ils_high_10M,polyphest_p70,5,/groups/itay_mayrose/tomulanovski/gene2net/simulations/networks/Brysting_2007.tre,/groups/itay_mayrose/tomulanovski/gene2net/simulations/simulations/Brysting_2007/results/conf_ils_high_10M/polyphest_p70/replicate_5/polyphest_result.tre,True,True,1314
Lawrence_2016,conf_ils_high_10M,polyphest_p70,1,/groups/itay_mayrose/tomulanovski/gene2net/simulations/networks/Lawrence_2016.tre,/groups/itay_mayrose/tomulanovski/gene2net/simulations/simulations/Lawrence_2016/results/conf_ils_high_10M/polyphest_p70/replicate_1/polyphest_result.tre,True,False,0
Lawrence_2016,conf_ils_high_10M,polyphest_p70,2,/groups/itay_mayrose/tomulanovski/gene2net/simulations/networks/Lawrence_2016.tre,/groups/itay_mayrose/tomulanovski/gene2net/simulations/simulations/Lawrence_2016/results/conf_ils_high_10M/polyphest_p70/replicate_2/polyphest_result.tre,True,False,0
Lawrence_2016,conf_ils_high_10M,polyphest_p70,3,/groups/itay_mayrose/tomulanovski/gene2net/simulations/networks/Lawrence_2016.tre,/groups/itay_mayrose/tomulanovski/gene2net/simulations/simulations/Lawrence_2016/results/conf_ils_high_10M/polyphest_p70/replicate_3/polyphest_result.tre,True,False,0
Lawrence_2016,conf_ils_high_10M,polyphest_p70,4,/groups/itay_mayrose/tomulanovski/gene2net/simulations/networks/Lawrence_2016.tre,/groups/itay_mayrose/tomulanovski/gene2net/simulations/simulations/Lawrence_2016/results/conf_ils_high_10M/polyphest_p70/replicate_4/polyphest_result.tre,True,False,0
Lawrence_2016,conf_ils_high_10M,polyphest_p70,5,/groups/itay_mayrose/tomulanovski/gene2net/simulations/networks/Lawrence_2016.tre,/groups/itay_mayrose/tomulanovski/gene2net/simulations/simulations/Lawrence_2016/results/conf_ils_high_10M/polyphest_p70/replicate_5/polyphest_result.tre,True,False,0
Diaz-Perez_2018,conf_ils_high_10M,polyphest_p70,1,/groups/itay_mayrose/tomulanovski/gene2net/simulations/networks/Diaz-Perez_2018.tre,/groups/itay_mayrose/tomulanovski/gene2net/simulations/simulations/Diaz-Perez_2018/results/conf_ils_high_10M/polyphest_p70/replicate_1/polyphest_result.tre,True,True,762
Diaz-Perez_2018,conf_ils_high_10M,polyphest_p70,2,/groups/itay_mayrose/tomulanovski/gene2net/simulations/networks/Diaz-Perez_2018.tre,/groups/itay_mayrose/tomulanovski/gene2net/simulations/simulations/Diaz-Perez_2018/results/conf_ils_high_10M/polyphest_p70/replicate_2/polyphest_result.tre,True,True,762
Diaz-Perez_2018,conf_ils_high_10M,polyphest_p70,3,/groups/itay_mayrose/tomulanovski/gene2net/simulations/networks/Diaz-Perez_2018.tre,/groups/itay_mayrose/tomulanovski/gene2net/simulations/simulations/Diaz-Perez_2018/results/conf_ils_high_10M/polyphest_p70/replicate_3/polyphest_result.tre,True,True,762
Diaz-Perez_2018,conf_ils_high_10M,polyphest_p70,4,/groups/itay_mayrose/tomulanovski/gene2net/simulations/networks/Diaz-Perez_2018.tre,/groups/itay_mayrose/tomulanovski/gene2net/simulations/simulations/Diaz-Perez_2018/results/conf_ils_high_10M/polyphest_p70/replicate_4/polyphest_result.tre,True,True,762
Diaz-Perez_2018,conf_ils_high_10M,polyphest_p70,5,/groups/itay_mayrose/tomulanovski/gene2net/simulations/networks/Diaz-Perez_2018.tre,/groups/itay_mayrose/tomulanovski/gene2net/simulations/simulations/Diaz-Perez_2018/results/conf_ils_high_10M/polyphest_p70/replicate_5/polyphest_result.tre,True,True,762
Wisecaver_2023,conf_ils_high_10M,polyphest_p70,1,/groups/itay_mayrose/tomulanovski/gene2net/simulations/networks/Wisecaver_2023.tre,/groups/itay_mayrose/tomulanovski/gene2net/simulations/simulations/Wisecaver_2023/results/conf_ils_high_10M/polyphest_p70/replicate_1/polyphest_result.tre,True,True,148
Wisecaver_2023,conf_ils_high_10M,polyphest_p70,2,/groups/itay_mayrose/tomulanovski/gene2net/simulations/networks/Wisecaver_2023.tre,/groups/itay_mayrose/tomulanovski/gene2net/simulations/simulations/Wisecaver_2023/results/conf_ils_high_10M/polyphest_p70/replicate_2/polyphest_result.tre,True,True,148
Wisecaver_2023,conf_ils_high_10M,polyphest_p70,3,/groups/itay_mayrose/tomulanovski/gene2net/simulations/networks/Wisecaver_2023.tre,/groups/itay_mayrose/tomulanovski/gene2net/simulations/simulations/Wisecaver_2023/results/conf_ils_high_10M/polyphest_p70/replicate_3/polyphest_result.tre,True,True,148
Wisecaver_2023,conf_ils_high_10M,polyphest_p70,4,/groups/itay_mayrose/tomulanovski/gene2net/simulations/networks/Wisecaver_2023.tre,/groups/itay_mayrose/tomulanovski/gene2net/simulations/simulations/Wisecaver_2023/results/conf_ils_high_10M/polyphest_p70/replicate_4/polyphest_result.tre,True,True,148
Wisecaver_2023,conf_ils_high_10M,polyphest_p70,5,/groups/itay_mayrose/tomulanovski/gene2net/simulations/networks/Wisecaver_2023.tre,/groups/itay_mayrose/tomulanovski/gene2net/simulations/simulations/Wisecaver_2023/results/conf_ils_high_10M/polyphest_p70/replicate_5/polyphest_result.tre,True,True,148
Ding_2023,conf_ils_high_10M,polyphest_p70,1,/groups/itay_mayrose/tomulanovski/gene2net/simulations/networks/Ding_2023.tre,/groups/itay_mayrose/tomulanovski/gene2net/simulations/simulations/Ding_2023/results/conf_ils_high_10M/polyphest_p70/replicate_1/polyphest_result.tre,True,True,113
Ding_2023,conf_ils_high_10M,polyphest_p70,2,/groups/itay_mayrose/tomulanovski/gene2net/simulations/networks/Ding_2023.tre,/groups/itay_mayrose/tomulanovski/gene2net/simulations/simulations/Ding_2023/results/conf_ils_high_10M/polyphest_p70/replicate_2/polyphest_result.tre,True,True,113
Ding_2023,conf_ils_high_10M,polyphest_p70,3,/groups/itay_mayrose/tomulanovski/gene2net/simulations/networks/Ding_2023.tre,/groups/itay_mayrose/tomulanovski/gene2net/simulations/simulations/Ding_2023/results/conf_ils_high_10M/polyphest_p70/replicate_3/polyphest_result.tre,True,True,113
Ding_2023,conf_ils_high_10M,polyphest_p70,4,/groups/itay_mayrose/tomulanovski/gene2net/simulations/networks/Ding_2023.tre,/groups/itay_mayrose/tomulanovski/gene2net/simulations/simulations/Ding_2023/results/conf_ils_high_10M/polyphest_p70/replicate_4/polyphest_result.tre,True,True,113
Ding_2023,conf_ils_high_10M,polyphest_p70,5,/groups/itay_mayrose/tomulanovski/gene2net/simulations/networks/Ding_2023.tre,/groups/itay_mayrose/tomulanovski/gene2net/simulations/simulations/Ding_2023/results/conf_ils_high_10M/polyphest_p70/replicate_5/polyphest_result.tre,True,True,113
Liang_2019,conf_ils_high_10M,polyphest_p70,1,/groups/itay_mayrose/tomulanovski/gene2net/simulations/networks/Liang_2019.tre,/groups/itay_mayrose/tomulanovski/gene2net/simulations/simulations/Liang_2019/results/conf_ils_high_10M/polyphest_p70/replicate_1/polyphest_result.tre,True,True,1471
Liang_2019,conf_ils_high_10M,polyphest_p70,2,/groups/itay_mayrose/tomulanovski/gene2net/simulations/networks/Liang_2019.tre,/groups/itay_mayrose/tomulanovski/gene2net/simulations/simulations/Liang_2019/results/conf_ils_high_10M/polyphest_p70/replicate_2/polyphest_result.tre,True,True,1471
Liang_2019,conf_ils_high_10M,polyphest_p70,3,/groups/itay_mayrose/tomulanovski/gene2net/simulations/networks/Liang_2019.tre,/groups/itay_mayrose/tomulanovski/gene2net/simulations/simulations/Liang_2019/results/conf_ils_high_10M/polyphest_p70/replicate_3/polyphest_result.tre,True,True,1471
Liang_2019,conf_ils_high_10M,polyphest_p70,4,/groups/itay_mayrose/tomulanovski/gene2net/simulations/networks/Liang_2019.tre,/groups/itay_mayrose/tomulanovski/gene2net/simulations/simulations/Liang_2019/results/conf_ils_high_10M/polyphest_p70/replicate_4/polyphest_result.tre,True,True,1471
Liang_2019,conf_ils_high_10M,polyphest_p70,5,/groups/itay_mayrose/tomulanovski/gene2net/simulations/networks/Liang_2019.tre,/groups/itay_mayrose/tomulanovski/gene2net/simulations/simulations/Liang_2019/results/conf_ils_high_10M/polyphest_p70/replicate_5/polyphest_result.tre,True,True,1471
Popp_2005,conf_ils_high_10M,polyphest_p70,1,/groups/itay_mayrose/tomulanovski/gene2net/simulations/networks/Popp_2005.tre,/groups/itay_mayrose/tomulanovski/gene2net/simulations/simulations/Popp_2005/results/conf_ils_high_10M/polyphest_p70/replicate_1/polyphest_result.tre,True,True,313
Popp_2005,conf_ils_high_10M,polyphest_p70,2,/groups/itay_mayrose/tomulanovski/gene2net/simulations/networks/Popp_2005.tre,/groups/itay_mayrose/tomulanovski/gene2net/simulations/simulations/Popp_2005/results/conf_ils_high_10M/polyphest_p70/replicate_2/polyphest_result.tre,True,True,313
Popp_2005,conf_ils_high_10M,polyphest_p70,3,/groups/itay_mayrose/tomulanovski/gene2net/simulations/networks/Popp_2005.tre,/groups/itay_mayrose/tomulanovski/gene2net/simulations/simulations/Popp_2005/results/conf_ils_high_10M/polyphest_p70/replicate_3/polyphest_result.tre,True,True,313
Popp_2005,conf_ils_high_10M,polyphest_p70,4,/groups/itay_mayrose/tomulanovski/gene2net/simulations/networks/Popp_2005.tre,/groups/itay_mayrose/tomulanovski/gene2net/simulations/simulations/Popp_2005/results/conf_ils_high_10M/polyphest_p70/replicate_4/polyphest_result.tre,True,True,313
Popp_2005,conf_ils_high_10M,polyphest_p70,5,/groups/itay_mayrose/tomulanovski/gene2net/simulations/networks/Popp_2005.tre,/groups/itay_mayrose/tomulanovski/gene2net/simulations/simulations/Popp_2005/results/conf_ils_high_10M/polyphest_p70/replicate_5/polyphest_result.tre,True,True,313
Wu_2015,conf_ils_high_10M,polyphest_p70,1,/groups/itay_mayrose/tomulanovski/gene2net/simulations/networks/Wu_2015.tre,/groups/itay_mayrose/tomulanovski/gene2net/simulations/simulations/Wu_2015/results/conf_ils_high_10M/polyphest_p70/replicate_1/polyphest_result.tre,True,True,235
Wu_2015,conf_ils_high_10M,polyphest_p70,2,/groups/itay_mayrose/tomulanovski/gene2net/simulations/networks/Wu_2015.tre,/groups/itay_mayrose/tomulanovski/gene2net/simulations/simulations/Wu_2015/results/conf_ils_high_10M/polyphest_p70/replicate_2/polyphest_result.tre,True,True,235
Wu_2015,conf_ils_high_10M,polyphest_p70,3,/groups/itay_mayrose/tomulanovski/gene2net/simulations/networks/Wu_2015.tre,/groups/itay_mayrose/tomulanovski/gene2net/simulations/simulations/Wu_2015/results/conf_ils_high_10M/polyphest_p70/replicate_3/polyphest_result.tre,True,True,235
Wu_2015,conf_ils_high_10M,polyphest_p70,4,/groups/itay_mayrose/tomulanovski/gene2net/simulations/networks/Wu_2015.tre,/groups/itay_mayrose/tomulanovski/gene2net/simulations/simulations/Wu_2015/results/conf_ils_high_10M/polyphest_p70/replicate_4/polyphest_result.tre,True,True,235
Wu_2015,conf_ils_high_10M,polyphest_p70,5,/groups/itay_mayrose/tomulanovski/gene2net/simulations/networks/Wu_2015.tre,/groups/itay_mayrose/tomulanovski/gene2net/simulations/simulations/Wu_2015/results/conf_ils_high_10M/polyphest_p70/replicate_5/polyphest_result.tre,True,True,235
Liu_2023,conf_ils_high_10M,polyphest_p70,1,/groups/itay_mayrose/tomulanovski/gene2net/simulations/networks/Liu_2023.tre,/groups/itay_mayrose/tomulanovski/gene2net/simulations/simulations/Liu_2023/results/conf_ils_high_10M/polyphest_p70/replicate_1/polyphest_result.tre,True,False,0
Liu_2023,conf_ils_high_10M,polyphest_p70,2,/groups/itay_mayrose/tomulanovski/gene2net/simulations/networks/Liu_2023.tre,/groups/itay_mayrose/tomulanovski/gene2net/simulations/simulations/Liu_2023/results/conf_ils_high_10M/polyphest_p70/replicate_2/polyphest_result.tre,True,False,0
Liu_2023,conf_ils_high_10M,polyphest_p70,3,/groups/itay_mayrose/tomulanovski/gene2net/simulations/networks/Liu_2023.tre,/groups/itay_mayrose/tomulanovski/gene2net/simulations/simulations/Liu_2023/results/conf_ils_high_10M/polyphest_p70/replicate_3/polyphest_result.tre,True,False,0
Liu_2023,conf_ils_high_10M,polyphest_p70,4,/groups/itay_mayrose/tomulanovski/gene2net/simulations/networks/Liu_2023.tre,/groups/itay_mayrose/tomulanovski/gene2net/simulations/simulations/Liu_2023/results/conf_ils_high_10M/polyphest_p70/replicate_4/polyphest_result.tre,True,False,0
Liu_2023,conf_ils_high_10M,polyphest_p70,5,/groups/itay_mayrose/tomulanovski/gene2net/simulations/networks/Liu_2023.tre,/groups/itay_mayrose/tomulanovski/gene2net/simulations/simulations/Liu_2023/results/conf_ils_high_10M/polyphest_p70/replicate_5/polyphest_result.tre,True,False,0
Ren_2024,conf_ils_high_10M,polyphest_p70,1,/groups/itay_mayrose/tomulanovski/gene2net/simulations/networks/Ren_2024.tre,/groups/itay_mayrose/tomulanovski/gene2net/simulations/simulations/Ren_2024/results/conf_ils_high_10M/polyphest_p70/replicate_1/polyphest_result.tre,True,True,247
Ren_2024,conf_ils_high_10M,polyphest_p70,2,/groups/itay_mayrose/tomulanovski/gene2net/simulations/networks/Ren_2024.tre,/groups/itay_mayrose/tomulanovski/gene2net/simulations/simulations/Ren_2024/results/conf_ils_high_10M/polyphest_p70/replicate_2/polyphest_result.tre,True,True,247
Ren_2024,conf_ils_high_10M,polyphest_p70,3,/groups/itay_mayrose/tomulanovski/gene2net/simulations/networks/Ren_2024.tre,/groups/itay_mayrose/tomulanovski/gene2net/simulations/simulations/Ren_2024/results/conf_ils_high_10M/polyphest_p70/replicate_3/polyphest_result.tre,True,True,247
Ren_2024,conf_ils_high_10M,polyphest_p70,4,/groups/itay_mayrose/tomulanovski/gene2net/simulations/networks/Ren_2024.tre,/groups/itay_mayrose/tomulanovski/gene2net/simulations/simulations/Ren_2024/results/conf_ils_high_10M/polyphest_p70/replicate_4/polyphest_result.tre,True,True,247
Ren_2024,conf_ils_high_10M,polyphest_p70,5,/groups/itay_mayrose/tomulanovski/gene2net/simulations/networks/Ren_2024.tre,/groups/itay_mayrose/tomulanovski/gene2net/simulations/simulations/Ren_2024/results/conf_ils_high_10M/polyphest_p70/replicate_5/polyphest_result.tre,True,True,247
Marcussen_2011,conf_ils_high_10M,polyphest_p70,1,/groups/itay_mayrose/tomulanovski/gene2net/simulations/networks/Marcussen_2011.tre,/groups/itay_mayrose/tomulanovski/gene2net/simulations/simulations/Marcussen_2011/results/conf_ils_high_10M/polyphest_p70/replicate_1/polyphest_result.tre,True,True,410
Marcussen_2011,conf_ils_high_10M,polyphest_p70,2,/groups/itay_mayrose/tomulanovski/gene2net/simulations/networks/Marcussen_2011.tre,/groups/itay_mayrose/tomulanovski/gene2net/simulations/simulations/Marcussen_2011/results/conf_ils_high_10M/polyphest_p70/replicate_2/polyphest_result.tre,True,True,410
Marcussen_2011,conf_ils_high_10M,polyphest_p70,3,/groups/itay_mayrose/tomulanovski/gene2net/simulations/networks/Marcussen_2011.tre,/groups/itay_mayrose/tomulanovski/gene2net/simulations/simulations/Marcussen_2011/results/conf_ils_high_10M/polyphest_p70/replicate_3/polyphest_result.tre,True,True,410
Marcussen_2011,conf_ils_high_10M,polyphest_p70,4,/groups/itay_mayrose/tomulanovski/gene2net/simulations/networks/Marcussen_2011.tre,/groups/itay_mayrose/tomulanovski/gene2net/simulations/simulations/Marcussen_2011/results/conf_ils_high_10M/polyphest_p70/replicate_4/polyphest_result.tre,True,True,410
Marcussen_2011,conf_ils_high_10M,polyphest_p70,5,/groups/itay_mayrose/tomulanovski/gene2net/simulations/networks/Marcussen_2011.tre,/groups/itay_mayrose/tomulanovski/gene2net/simulations/simulations/Marcussen_2011/results/conf_ils_high_10M/polyphest_p70/replicate_5/polyphest_result.tre,True,True,410
Marcussen_2012,conf_ils_high_10M,polyphest_p70,1,/groups/itay_mayrose/tomulanovski/gene2net/simulations/networks/Marcussen_2012.tre,/groups/itay_mayrose/tomulanovski/gene2net/simulations/simulations/Marcussen_2012/results/conf_ils_high_10M/polyphest_p70/replicate_1/polyphest_result.tre,True,False,0
Marcussen_2012,conf_ils_high_10M,polyphest_p70,2,/groups/itay_mayrose/tomulanovski/gene2net/simulations/networks/Marcussen_2012.tre,/groups/itay_mayrose/tomulanovski/gene2net/simulations/simulations/Marcussen_2012/results/conf_ils_high_10M/polyphest_p70/replicate_2/polyphest_result.tre,True,False,0
Marcussen_2012,conf_ils_high_10M,polyphest_p70,3,/groups/itay_mayrose/tomulanovski/gene2net/simulations/networks/Marcussen_2012.tre,/groups/itay_mayrose/tomulanovski/gene2net/simulations/simulations/Marcussen_2012/results/conf_ils_high_10M/polyphest_p70/replicate_3/polyphest_result.tre,True,False,0
Marcussen_2012,conf_ils_high_10M,polyphest_p70,4,/groups/itay_mayrose/tomulanovski/gene2net/simulations/networks/Marcussen_2012.tre,/groups/itay_mayrose/tomulanovski/gene2net/simulations/simulations/Marcussen_2012/results/conf_ils_high_10M/polyphest_p70/replicate_4/polyphest_result.tre,True,False,0
Marcussen_2012,conf_ils_high_10M,polyphest_p70,5,/groups/itay_mayrose/tomulanovski/gene2net/simulations/networks/Marcussen_2012.tre,/groups/itay_mayrose/tomulanovski/gene2net/simulations/simulations/Marcussen_2012/results/conf_ils_high_10M/polyphest_p70/replicate_5/polyphest_result.tre,True,False,0
Sessa_2012b,conf_ils_high_10M,polyphest_p70,1,/groups/itay_mayrose/tomulanovski/gene2net/simulations/networks/Sessa_2012b.tre,/groups/itay_mayrose/tomulanovski/gene2net/simulations/simulations/Sessa_2012b/results/conf_ils_high_10M/polyphest_p70/replicate_1/polyphest_result.tre,True,False,0
Sessa_2012b,conf_ils_high_10M,polyphest_p70,2,/groups/itay_mayrose/tomulanovski/gene2net/simulations/networks/Sessa_2012b.tre,/groups/itay_mayrose/tomulanovski/gene2net/simulations/simulations/Sessa_2012b/results/conf_ils_high_10M/polyphest_p70/replicate_2/polyphest_result.tre,True,False,0
Sessa_2012b,conf_ils_high_10M,polyphest_p70,3,/groups/itay_mayrose/tomulanovski/gene2net/simulations/networks/Sessa_2012b.tre,/groups/itay_mayrose/tomulanovski/gene2net/simulations/simulations/Sessa_2012b/results/conf_ils_high_10M/polyphest_p70/replicate_3/polyphest_result.tre,True,False,0
Sessa_2012b,conf_ils_high_10M,polyphest_p70,4,/groups/itay_mayrose/tomulanovski/gene2net/simulations/networks/Sessa_2012b.tre,/groups/itay_mayrose/tomulanovski/gene2net/simulations/simulations/Sessa_2012b/results/conf_ils_high_10M/polyphest_p70/replicate_4/polyphest_result.tre,True,False,0
Sessa_2012b,conf_ils_high_10M,polyphest_p70,5,/groups/itay_mayrose/tomulanovski/gene2net/simulations/networks/Sessa_2012b.tre,/groups/itay_mayrose/tomulanovski/gene2net/simulations/simulations/Sessa_2012b/results/conf_ils_high_10M/polyphest_p70/replicate_5/polyphest_result.tre,True,False,0
Zhao_2021,conf_ils_high_10M,polyphest_p70,1,/groups/itay_mayrose/tomulanovski/gene2net/simulations/networks/Zhao_2021.tre,/groups/itay_mayrose/tomulanovski/gene2net/simulations/simulations/Zhao_2021/results/conf_ils_high_10M/polyphest_p70/replicate_1/polyphest_result.tre,True,True,270
Zhao_2021,conf_ils_high_10M,polyphest_p70,2,/groups/itay_mayrose/tomulanovski/gene2net/simulations/networks/Zhao_2021.tre,/groups/itay_mayrose/tomulanovski/gene2net/simulations/simulations/Zhao_2021/results/conf_ils_high_10M/polyphest_p70/replicate_2/polyphest_result.tre,True,False,0
Zhao_2021,conf_ils_high_10M,polyphest_p70,3,/groups/itay_mayrose/tomulanovski/gene2net/simulations/networks/Zhao_2021.tre,/groups/itay_mayrose/tomulanovski/gene2net/simulations/simulations/Zhao_2021/results/conf_ils_high_10M/polyphest_p70/replicate_3/polyphest_result.tre,True,True,270
Zhao_2021,conf_ils_high_10M,polyphest_p70,4,/groups/itay_mayrose/tomulanovski/gene2net/simulations/networks/Zhao_2021.tre,/groups/itay_mayrose/tomulanovski/gene2net/simulations/simulations/Zhao_2021/results/conf_ils_high_10M/polyphest_p70/replicate_4/polyphest_result.tre,True,True,270
Zhao_2021,conf_ils_high_10M,polyphest_p70,5,/groups/itay_mayrose/tomulanovski/gene2net/simulations/networks/Zhao_2021.tre,/groups/itay_mayrose/tomulanovski/gene2net/simulations/simulations/Zhao_2021/results/conf_ils_high_10M/polyphest_p70/replicate_5/polyphest_result.tre,True,True,270
Hori_2014,conf_ils_high_10M,polyphest_p70,1,/groups/itay_mayrose/tomulanovski/gene2net/simulations/networks/Hori_2014.tre,/groups/itay_mayrose/tomulanovski/gene2net/simulations/simulations/Hori_2014/results/conf_ils_high_10M/polyphest_p70/replicate_1/polyphest_result.tre,True,True,348
Hori_2014,conf_ils_high_10M,polyphest_p70,2,/groups/itay_mayrose/tomulanovski/gene2net/simulations/networks/Hori_2014.tre,/groups/itay_mayrose/tomulanovski/gene2net/simulations/simulations/Hori_2014/results/conf_ils_high_10M/polyphest_p70/replicate_2/polyphest_result.tre,True,True,348
Hori_2014,conf_ils_high_10M,polyphest_p70,3,/groups/itay_mayrose/tomulanovski/gene2net/simulations/networks/Hori_2014.tre,/groups/itay_mayrose/tomulanovski/gene2net/simulations/simulations/Hori_2014/results/conf_ils_high_10M/polyphest_p70/replicate_3/polyphest_result.tre,True,True,348
Hori_2014,conf_ils_high_10M,polyphest_p70,4,/groups/itay_mayrose/tomulanovski/gene2net/simulations/networks/Hori_2014.tre,/groups/itay_mayrose/tomulanovski/gene2net/simulations/simulations/Hori_2014/results/conf_ils_high_10M/polyphest_p70/replicate_4/polyphest_result.tre,True,True,348
Hori_2014,conf_ils_high_10M,polyphest_p70,5,/groups/itay_mayrose/tomulanovski/gene2net/simulations/networks/Hori_2014.tre,/groups/itay_mayrose/tomulanovski/gene2net/simulations/simulations/Hori_2014/results/conf_ils_high_10M/polyphest_p70/replicate_5/polyphest_result.tre,True,True,348
Marcussen_2015,conf_ils_high_10M,polyphest_p70,1,/groups/itay_mayrose/tomulanovski/gene2net/simulations/networks/Marcussen_2015.tre,/groups/itay_mayrose/tomulanovski/gene2net/simulations/simulations/Marcussen_2015/results/conf_ils_high_10M/polyphest_p70/replicate_1/polyphest_result.tre,True,False,0
Marcussen_2015,conf_ils_high_10M,polyphest_p70,2,/groups/itay_mayrose/tomulanovski/gene2net/simulations/networks/Marcussen_2015.tre,/groups/itay_mayrose/tomulanovski/gene2net/simulations/simulations/Marcussen_2015/results/conf_ils_high_10M/polyphest_p70/replicate_2/polyphest_result.tre,True,False,0
Marcussen_2015,conf_ils_high_10M,polyphest_p70,3,/groups/itay_mayrose/tomulanovski/gene2net/simulations/networks/Marcussen_2015.tre,/groups/itay_mayrose/tomulanovski/gene2net/simulations/simulations/Marcussen_2015/results/conf_ils_high_10M/polyphest_p70/replicate_3/polyphest_result.tre,True,False,0
Marcussen_2015,conf_ils_high_10M,polyphest_p70,4,/groups/itay_mayrose/tomulanovski/gene2net/simulations/networks/Marcussen_2015.tre,/groups/itay_mayrose/tomulanovski/gene2net/simulations/simulations/Marcussen_2015/results/conf_ils_high_10M/polyphest_p70/replicate_4/polyphest_result.tre,True,False,0
Marcussen_2015,conf_ils_high_10M,polyphest_p70,5,/groups/itay_mayrose/tomulanovski/gene2net/simulations/networks/Marcussen_2015.tre,/groups/itay_mayrose/tomulanovski/gene2net/simulations/simulations/Marcussen_2015/results/conf_ils_high_10M/polyphest_p70/replicate_5/polyphest_result.tre,True,False,0
Shahrestani_2015,conf_ils_high_10M,polyphest_p70,1,/groups/itay_mayrose/tomulanovski/gene2net/simulations/networks/Shahrestani_2015.tre,/groups/itay_mayrose/tomulanovski/gene2net/simulations/simulations/Shahrestani_2015/results/conf_ils_high_10M/polyphest_p70/replicate_1/polyphest_result.tre,True,True,119
Shahrestani_2015,conf_ils_high_10M,polyphest_p70,2,/groups/itay_mayrose/tomulanovski/gene2net/simulations/networks/Shahrestani_2015.tre,/groups/itay_mayrose/tomulanovski/gene2net/simulations/simulations/Shahrestani_2015/results/conf_ils_high_10M/polyphest_p70/replicate_2/polyphest_result.tre,True,True,119
Shahrestani_2015,conf_ils_high_10M,polyphest_p70,3,/groups/itay_mayrose/tomulanovski/gene2net/simulations/networks/Shahrestani_2015.tre,/groups/itay_mayrose/tomulanovski/gene2net/simulations/simulations/Shahrestani_2015/results/conf_ils_high_10M/polyphest_p70/replicate_3/polyphest_result.tre,True,True,119
Shahrestani_2015,conf_ils_high_10M,polyphest_p70,4,/groups/itay_mayrose/tomulanovski/gene2net/simulations/networks/Shahrestani_2015.tre,/groups/itay_mayrose/tomulanovski/gene2net/simulations/simulations/Shahrestani_2015/results/conf_ils_high_10M/polyphest_p70/replicate_4/polyphest_result.tre,True,True,119
Shahrestani_2015,conf_ils_high_10M,polyphest_p70,5,/groups/itay_mayrose/tomulanovski/gene2net/simulations/networks/Shahrestani_2015.tre,/groups/itay_mayrose/tomulanovski/gene2net/simulations/simulations/Shahrestani_2015/results/conf_ils_high_10M/polyphest_p70/replicate_5/polyphest_result.tre,True,True,119
Morales-Briones_2021,conf_ils_high_10M,polyphest_p70,1,/groups/itay_mayrose/tomulanovski/gene2net/simulations/networks/Morales-Briones_2021.tre,/groups/itay_mayrose/tomulanovski/gene2net/simulations/simulations/Morales-Briones_2021/results/conf_ils_high_10M/polyphest_p70/replicate_1/polyphest_result.tre,True,False,0
Morales-Briones_2021,conf_ils_high_10M,polyphest_p70,2,/groups/itay_mayrose/tomulanovski/gene2net/simulations/networks/Morales-Briones_2021.tre,/groups/itay_mayrose/tomulanovski/gene2net/simulations/simulations/Morales-Briones_2021/results/conf_ils_high_10M/polyphest_p70/replicate_2/polyphest_result.tre,True,False,0
Morales-Briones_2021,conf_ils_high_10M,polyphest_p70,3,/groups/itay_mayrose/tomulanovski/gene2net/simulations/networks/Morales-Briones_2021.tre,/groups/itay_mayrose/tomulanovski/gene2net/simulations/simulations/Morales-Briones_2021/results/conf_ils_high_10M/polyphest_p70/replicate_3/polyphest_result.tre,True,False,0
Morales-Briones_2021,conf_ils_high_10M,polyphest_p70,4,/groups/itay_mayrose/tomulanovski/gene2net/simulations/networks/Morales-Briones_2021.tre,/groups/itay_mayrose/tomulanovski/gene2net/simulations/simulations/Morales-Briones_2021/results/conf_ils_high_10M/polyphest_p70/replicate_4/polyphest_result.tre,True,False,0
Morales-Briones_2021,conf_ils_high_10M,polyphest_p70,5,/groups/itay_mayrose/tomulanovski/gene2net/simulations/networks/Morales-Briones_2021.tre,/groups/itay_mayrose/tomulanovski/gene2net/simulations/simulations/Morales-Briones_2021/results/conf_ils_high_10M/polyphest_p70/replicate_5/polyphest_result.tre,True,False,0
Soza_2014,conf_ils_high_10M,polyphest_p70,1,/groups/itay_mayrose/tomulanovski/gene2net/simulations/networks/Soza_2014.tre,/groups/itay_mayrose/tomulanovski/gene2net/simulations/simulations/Soza_2014/results/conf_ils_high_10M/polyphest_p70/replicate_1/polyphest_result.tre,True,False,0
Soza_2014,conf_ils_high_10M,polyphest_p70,2,/groups/itay_mayrose/tomulanovski/gene2net/simulations/networks/Soza_2014.tre,/groups/itay_mayrose/tomulanovski/gene2net/simulations/simulations/Soza_2014/results/conf_ils_high_10M/polyphest_p70/replicate_2/polyphest_result.tre,True,False,0
Soza_2014,conf_ils_high_10M,polyphest_p70,3,/groups/itay_mayrose/tomulanovski/gene2net/simulations/networks/Soza_2014.tre,/groups/itay_mayrose/tomulanovski/gene2net/simulations/simulations/Soza_2014/results/conf_ils_high_10M/polyphest_p70/replicate_3/polyphest_result.tre,True,False,0
Soza_2014,conf_ils_high_10M,polyphest_p70,4,/groups/itay_mayrose/tomulanovski/gene2net/simulations/networks/Soza_2014.tre,/groups/itay_mayrose/tomulanovski/gene2net/simulations/simulations/Soza_2014/results/conf_ils_high_10M/polyphest_p70/replicate_4/polyphest_result.tre,True,False,0
Soza_2014,conf_ils_high_10M,polyphest_p70,5,/groups/itay_mayrose/tomulanovski/gene2net/simulations/networks/Soza_2014.tre,/groups/itay_mayrose/tomulanovski/gene2net/simulations/simulations/Soza_2014/results/conf_ils_high_10M/polyphest_p70/replicate_5/polyphest_result.tre,True,False,0
Bendiksby_2011,conf_ils_high_10M,polyphest_p90,1,/groups/itay_mayrose/tomulanovski/gene2net/simulations/networks/Bendiksby_2011.tre,/groups/itay_mayrose/tomulanovski/gene2net/simulations/simulations/Bendiksby_2011/results/conf_ils_high_10M/polyphest_p90/replicate_1/polyphest_result.tre,True,True,1082
Bendiksby_2011,conf_ils_high_10M,polyphest_p90,2,/groups/itay_mayrose/tomulanovski/gene2net/simulations/networks/Bendiksby_2011.tre,/groups/itay_mayrose/tomulanovski/gene2net/simulations/simulations/Bendiksby_2011/results/conf_ils_high_10M/polyphest_p90/replicate_2/polyphest_result.tre,True,True,1082
Bendiksby_2011,conf_ils_high_10M,polyphest_p90,3,/groups/itay_mayrose/tomulanovski/gene2net/simulations/networks/Bendiksby_2011.tre,/groups/itay_mayrose/tomulanovski/gene2net/simulations/simulations/Bendiksby_2011/results/conf_ils_high_10M/polyphest_p90/replicate_3/polyphest_result.tre,True,True,1082
Bendiksby_2011,conf_ils_high_10M,polyphest_p90,4,/groups/itay_mayrose/tomulanovski/gene2net/simulations/networks/Bendiksby_2011.tre,/groups/itay_mayrose/tomulanovski/gene2net/simulations/simulations/Bendiksby_2011/results/conf_ils_high_10M/polyphest_p90/replicate_4/polyphest_result.tre,True,True,1082
Bendiksby_2011,conf_ils_high_10M,polyphest_p90,5,/groups/itay_mayrose/tomulanovski/gene2net/simulations/networks/Bendiksby_2011.tre,/groups/itay_mayrose/tomulanovski/gene2net/simulations/simulations/Bendiksby_2011/results/conf_ils_high_10M/polyphest_p90/replicate_5/polyphest_result.tre,True,True,1082
Koenen_2020,conf_ils_high_10M,polyphest_p90,1,/groups/itay_mayrose/tomulanovski/gene2net/simulations/networks/Koenen_2020.tre,/groups/itay_mayrose/tomulanovski/gene2net/simulations/simulations/Koenen_2020/results/conf_ils_high_10M/polyphest_p90/replicate_1/polyphest_result.tre,True,True,429
Koenen_2020,conf_ils_high_10M,polyphest_p90,2,/groups/itay_mayrose/tomulanovski/gene2net/simulations/networks/Koenen_2020.tre,/groups/itay_mayrose/tomulanovski/gene2net/simulations/simulations/Koenen_2020/results/conf_ils_high_10M/polyphest_p90/replicate_2/polyphest_result.tre,True,True,429
Koenen_2020,conf_ils_high_10M,polyphest_p90,3,/groups/itay_mayrose/tomulanovski/gene2net/simulations/networks/Koenen_2020.tre,/groups/itay_mayrose/tomulanovski/gene2net/simulations/simulations/Koenen_2020/results/conf_ils_high_10M/polyphest_p90/replicate_3/polyphest_result.tre,True,True,429
Koenen_2020,conf_ils_high_10M,polyphest_p90,4,/groups/itay_mayrose/tomulanovski/gene2net/simulations/networks/Koenen_2020.tre,/groups/itay_mayrose/tomulanovski/gene2net/simulations/simulations/Koenen_2020/results/conf_ils_high_10M/polyphest_p90/replicate_4/polyphest_result.tre,True,True,429
Koenen_2020,conf_ils_high_10M,polyphest_p90,5,/groups/itay_mayrose/tomulanovski/gene2net/simulations/networks/Koenen_2020.tre,/groups/itay_mayrose/tomulanovski/gene2net/simulations/simulations/Koenen_2020/results/conf_ils_high_10M/polyphest_p90/replicate_5/polyphest_result.tre,True,True,429
Brysting_2007,conf_ils_high_10M,polyphest_p90,1,/groups/itay_mayrose/tomulanovski/gene2net/simulations/networks/Brysting_2007.tre,/groups/itay_mayrose/tomulanovski/gene2net/simulations/simulations/Brysting_2007/results/conf_ils_high_10M/polyphest_p90/replicate_1/polyphest_result.tre,True,True,1314
Brysting_2007,conf_ils_high_10M,polyphest_p90,2,/groups/itay_mayrose/tomulanovski/gene2net/simulations/networks/Brysting_2007.tre,/groups/itay_mayrose/tomulanovski/gene2net/simulations/simulations/Brysting_2007/results/conf_ils_high_10M/polyphest_p90/replicate_2/polyphest_result.tre,True,True,1314
Brysting_2007,conf_ils_high_10M,polyphest_p90,3,/groups/itay_mayrose/tomulanovski/gene2net/simulations/networks/Brysting_2007.tre,/groups/itay_mayrose/tomulanovski/gene2net/simulations/simulations/Brysting_2007/results/conf_ils_high_10M/polyphest_p90/replicate_3/polyphest_result.tre,True,True,1314
Brysting_2007,conf_ils_high_10M,polyphest_p90,4,/groups/itay_mayrose/tomulanovski/gene2net/simulations/networks/Brysting_2007.tre,/groups/itay_mayrose/tomulanovski/gene2net/simulations/simulations/Brysting_2007/results/conf_ils_high_10M/polyphest_p90/replicate_4/polyphest_result.tre,True,True,1314
Brysting_2007,conf_ils_high_10M,polyphest_p90,5,/groups/itay_mayrose/tomulanovski/gene2net/simulations/networks/Brysting_2007.tre,/groups/itay_mayrose/tomulanovski/gene2net/simulations/simulations/Brysting_2007/results/conf_ils_high_10M/polyphest_p90/replicate_5/polyphest_result.tre,True,True,1314
Lawrence_2016,conf_ils_high_10M,polyphest_p90,1,/groups/itay_mayrose/tomulanovski/gene2net/simulations/networks/Lawrence_2016.tre,/groups/itay_mayrose/tomulanovski/gene2net/simulations/simulations/Lawrence_2016/results/conf_ils_high_10M/polyphest_p90/replicate_1/polyphest_result.tre,True,True,1112
Lawrence_2016,conf_ils_high_10M,polyphest_p90,2,/groups/itay_mayrose/tomulanovski/gene2net/simulations/networks/Lawrence_2016.tre,/groups/itay_mayrose/tomulanovski/gene2net/simulations/simulations/Lawrence_2016/results/conf_ils_high_10M/polyphest_p90/replicate_2/polyphest_result.tre,True,True,1112
Lawrence_2016,conf_ils_high_10M,polyphest_p90,3,/groups/itay_mayrose/tomulanovski/gene2net/simulations/networks/Lawrence_2016.tre,/groups/itay_mayrose/tomulanovski/gene2net/simulations/simulations/Lawrence_2016/results/conf_ils_high_10M/polyphest_p90/replicate_3/polyphest_result.tre,True,True,1112
Lawrence_2016,conf_ils_high_10M,polyphest_p90,4,/groups/itay_mayrose/tomulanovski/gene2net/simulations/networks/Lawrence_2016.tre,/groups/itay_mayrose/tomulanovski/gene2net/simulations/simulations/Lawrence_2016/results/conf_ils_high_10M/polyphest_p90/replicate_4/polyphest_result.tre,True,True,1112
Lawrence_2016,conf_ils_high_10M,polyphest_p90,5,/groups/itay_mayrose/tomulanovski/gene2net/simulations/networks/Lawrence_2016.tre,/groups/itay_mayrose/tomulanovski/gene2net/simulations/simulations/Lawrence_2016/results/conf_ils_high_10M/polyphest_p90/replicate_5/polyphest_result.tre,True,True,1112
Diaz-Perez_2018,conf_ils_high_10M,polyphest_p90,1,/groups/itay_mayrose/tomulanovski/gene2net/simulations/networks/Diaz-Perez_2018.tre,/groups/itay_mayrose/tomulanovski/gene2net/simulations/simulations/Diaz-Perez_2018/results/conf_ils_high_10M/polyphest_p90/replicate_1/polyphest_result.tre,True,True,762
Diaz-Perez_2018,conf_ils_high_10M,polyphest_p90,2,/groups/itay_mayrose/tomulanovski/gene2net/simulations/networks/Diaz-Perez_2018.tre,/groups/itay_mayrose/tomulanovski/gene2net/simulations/simulations/Diaz-Perez_2018/results/conf_ils_high_10M/polyphest_p90/replicate_2/polyphest_result.tre,True,True,762
Diaz-Perez_2018,conf_ils_high_10M,polyphest_p90,3,/groups/itay_mayrose/tomulanovski/gene2net/simulations/networks/Diaz-Perez_2018.tre,/groups/itay_mayrose/tomulanovski/gene2net/simulations/simulations/Diaz-Perez_2018/results/conf_ils_high_10M/polyphest_p90/replicate_3/polyphest_result.tre,True,True,762
Diaz-Perez_2018,conf_ils_high_10M,polyphest_p90,4,/groups/itay_mayrose/tomulanovski/gene2net/simulations/networks/Diaz-Perez_2018.tre,/groups/itay_mayrose/tomulanovski/gene2net/simulations/simulations/Diaz-Perez_2018/results/conf_ils_high_10M/polyphest_p90/replicate_4/polyphest_result.tre,True,True,762
Diaz-Perez_2018,conf_ils_high_10M,polyphest_p90,5,/groups/itay_mayrose/tomulanovski/gene2net/simulations/networks/Diaz-Perez_2018.tre,/groups/itay_mayrose/tomulanovski/gene2net/simulations/simulations/Diaz-Perez_2018/results/conf_ils_high_10M/polyphest_p90/replicate_5/polyphest_result.tre,True,True,762
Wisecaver_2023,conf_ils_high_10M,polyphest_p90,1,/groups/itay_mayrose/tomulanovski/gene2net/simulations/networks/Wisecaver_2023.tre,/groups/itay_mayrose/tomulanovski/gene2net/simulations/simulations/Wisecaver_2023/results/conf_ils_high_10M/polyphest_p90/replicate_1/polyphest_result.tre,True,True,148
Wisecaver_2023,conf_ils_high_10M,polyphest_p90,2,/groups/itay_mayrose/tomulanovski/gene2net/simulations/networks/Wisecaver_2023.tre,/groups/itay_mayrose/tomulanovski/gene2net/simulations/simulations/Wisecaver_2023/results/conf_ils_high_10M/polyphest_p90/replicate_2/polyphest_result.tre,True,True,148
Wisecaver_2023,conf_ils_high_10M,polyphest_p90,3,/groups/itay_mayrose/tomulanovski/gene2net/simulations/networks/Wisecaver_2023.tre,/groups/itay_mayrose/tomulanovski/gene2net/simulations/simulations/Wisecaver_2023/results/conf_ils_high_10M/polyphest_p90/replicate_3/polyphest_result.tre,True,True,148
Wisecaver_2023,conf_ils_high_10M,polyphest_p90,4,/groups/itay_mayrose/tomulanovski/gene2net/simulations/networks/Wisecaver_2023.tre,/groups/itay_mayrose/tomulanovski/gene2net/simulations/simulations/Wisecaver_2023/results/conf_ils_high_10M/polyphest_p90/replicate_4/polyphest_result.tre,True,True,148
Wisecaver_2023,conf_ils_high_10M,polyphest_p90,5,/groups/itay_mayrose/tomulanovski/gene2net/simulations/networks/Wisecaver_2023.tre,/groups/itay_mayrose/tomulanovski/gene2net/simulations/simulations/Wisecaver_2023/results/conf_ils_high_10M/polyphest_p90/replicate_5/polyphest_result.tre,True,True,148
Ding_2023,conf_ils_high_10M,polyphest_p90,1,/groups/itay_mayrose/tomulanovski/gene2net/simulations/networks/Ding_2023.tre,/groups/itay_mayrose/tomulanovski/gene2net/simulations/simulations/Ding_2023/results/conf_ils_high_10M/polyphest_p90/replicate_1/polyphest_result.tre,True,True,113
Ding_2023,conf_ils_high_10M,polyphest_p90,2,/groups/itay_mayrose/tomulanovski/gene2net/simulations/networks/Ding_2023.tre,/groups/itay_mayrose/tomulanovski/gene2net/simulations/simulations/Ding_2023/results/conf_ils_high_10M/polyphest_p90/replicate_2/polyphest_result.tre,True,True,113
Ding_2023,conf_ils_high_10M,polyphest_p90,3,/groups/itay_mayrose/tomulanovski/gene2net/simulations/networks/Ding_2023.tre,/groups/itay_mayrose/tomulanovski/gene2net/simulations/simulations/Ding_2023/results/conf_ils_high_10M/polyphest_p90/replicate_3/polyphest_result.tre,True,True,113
Ding_2023,conf_ils_high_10M,polyphest_p90,4,/groups/itay_mayrose/tomulanovski/gene2net/simulations/networks/Ding_2023.tre,/groups/itay_mayrose/tomulanovski/gene2net/simulations/simulations/Ding_2023/results/conf_ils_high_10M/polyphest_p90/replicate_4/polyphest_result.tre,True,True,113
Ding_2023,conf_ils_high_10M,polyphest_p90,5,/groups/itay_mayrose/tomulanovski/gene2net/simulations/networks/Ding_2023.tre,/groups/itay_mayrose/tomulanovski/gene2net/simulations/simulations/Ding_2023/results/conf_ils_high_10M/polyphest_p90/replicate_5/polyphest_result.tre,True,True,113
Liang_2019,conf_ils_high_10M,polyphest_p90,1,/groups/itay_mayrose/tomulanovski/gene2net/simulations/networks/Liang_2019.tre,/groups/itay_mayrose/tomulanovski/gene2net/simulations/simulations/Liang_2019/results/conf_ils_high_10M/polyphest_p90/replicate_1/polyphest_result.tre,True,True,1471
Liang_2019,conf_ils_high_10M,polyphest_p90,2,/groups/itay_mayrose/tomulanovski/gene2net/simulations/networks/Liang_2019.tre,/groups/itay_mayrose/tomulanovski/gene2net/simulations/simulations/Liang_2019/results/conf_ils_high_10M/polyphest_p90/replicate_2/polyphest_result.tre,True,True,1471
Liang_2019,conf_ils_high_10M,polyphest_p90,3,/groups/itay_mayrose/tomulanovski/gene2net/simulations/networks/Liang_2019.tre,/groups/itay_mayrose/tomulanovski/gene2net/simulations/simulations/Liang_2019/results/conf_ils_high_10M/polyphest_p90/replicate_3/polyphest_result.tre,True,True,1471
Liang_2019,conf_ils_high_10M,polyphest_p90,4,/groups/itay_mayrose/tomulanovski/gene2net/simulations/networks/Liang_2019.tre,/groups/itay_mayrose/tomulanovski/gene2net/simulations/simulations/Liang_2019/results/conf_ils_high_10M/polyphest_p90/replicate_4/polyphest_result.tre,True,True,1471
Liang_2019,conf_ils_high_10M,polyphest_p90,5,/groups/itay_mayrose/tomulanovski/gene2net/simulations/networks/Liang_2019.tre,/groups/itay_mayrose/tomulanovski/gene2net/simulations/simulations/Liang_2019/results/conf_ils_high_10M/polyphest_p90/replicate_5/polyphest_result.tre,True,True,1471
Popp_2005,conf_ils_high_10M,polyphest_p90,1,/groups/itay_mayrose/tomulanovski/gene2net/simulations/networks/Popp_2005.tre,/groups/itay_mayrose/tomulanovski/gene2net/simulations/simulations/Popp_2005/results/conf_ils_high_10M/polyphest_p90/replicate_1/polyphest_result.tre,True,True,313
Popp_2005,conf_ils_high_10M,polyphest_p90,2,/groups/itay_mayrose/tomulanovski/gene2net/simulations/networks/Popp_2005.tre,/groups/itay_mayrose/tomulanovski/gene2net/simulations/simulations/Popp_2005/results/conf_ils_high_10M/polyphest_p90/replicate_2/polyphest_result.tre,True,True,313
Popp_2005,conf_ils_high_10M,polyphest_p90,3,/groups/itay_mayrose/tomulanovski/gene2net/simulations/networks/Popp_2005.tre,/groups/itay_mayrose/tomulanovski/gene2net/simulations/simulations/Popp_2005/results/conf_ils_high_10M/polyphest_p90/replicate_3/polyphest_result.tre,True,True,313
Popp_2005,conf_ils_high_10M,polyphest_p90,4,/groups/itay_mayrose/tomulanovski/gene2net/simulations/networks/Popp_2005.tre,/groups/itay_mayrose/tomulanovski/gene2net/simulations/simulations/Popp_2005/results/conf_ils_high_10M/polyphest_p90/replicate_4/polyphest_result.tre,True,True,313
Popp_2005,conf_ils_high_10M,polyphest_p90,5,/groups/itay_mayrose/tomulanovski/gene2net/simulations/networks/Popp_2005.tre,/groups/itay_mayrose/tomulanovski/gene2net/simulations/simulations/Popp_2005/results/conf_ils_high_10M/polyphest_p90/replicate_5/polyphest_result.tre,True,True,313
Wu_2015,conf_ils_high_10M,polyphest_p90,1,/groups/itay_mayrose/tomulanovski/gene2net/simulations/networks/Wu_2015.tre,/groups/itay_mayrose/tomulanovski/gene2net/simulations/simulations/Wu_2015/results/conf_ils_high_10M/polyphest_p90/replicate_1/polyphest_result.tre,True,True,235
Wu_2015,conf_ils_high_10M,polyphest_p90,2,/groups/itay_mayrose/tomulanovski/gene2net/simulations/networks/Wu_2015.tre,/groups/itay_mayrose/tomulanovski/gene2net/simulations/simulations/Wu_2015/results/conf_ils_high_10M/polyphest_p90/replicate_2/polyphest_result.tre,True,True,235
Wu_2015,conf_ils_high_10M,polyphest_p90,3,/groups/itay_mayrose/tomulanovski/gene2net/simulations/networks/Wu_2015.tre,/groups/itay_mayrose/tomulanovski/gene2net/simulations/simulations/Wu_2015/results/conf_ils_high_10M/polyphest_p90/replicate_3/polyphest_result.tre,True,True,235
Wu_2015,conf_ils_high_10M,polyphest_p90,4,/groups/itay_mayrose/tomulanovski/gene2net/simulations/networks/Wu_2015.tre,/groups/itay_mayrose/tomulanovski/gene2net/simulations/simulations/Wu_2015/results/conf_ils_high_10M/polyphest_p90/replicate_4/polyphest_result.tre,True,True,235
Wu_2015,conf_ils_high_10M,polyphest_p90,5,/groups/itay_mayrose/tomulanovski/gene2net/simulations/networks/Wu_2015.tre,/groups/itay_mayrose/tomulanovski/gene2net/simulations/simulations/Wu_2015/results/conf_ils_high_10M/polyphest_p90/replicate_5/polyphest_result.tre,True,True,235
Liu_2023,conf_ils_high_10M,polyphest_p90,1,/groups/itay_mayrose/tomulanovski/gene2net/simulations/networks/Liu_2023.tre,/groups/itay_mayrose/tomulanovski/gene2net/simulations/simulations/Liu_2023/results/conf_ils_high_10M/polyphest_p90/replicate_1/polyphest_result.tre,True,True,692
Liu_2023,conf_ils_high_10M,polyphest_p90,2,/groups/itay_mayrose/tomulanovski/gene2net/simulations/networks/Liu_2023.tre,/groups/itay_mayrose/tomulanovski/gene2net/simulations/simulations/Liu_2023/results/conf_ils_high_10M/polyphest_p90/replicate_2/polyphest_result.tre,True,True,692
Liu_2023,conf_ils_high_10M,polyphest_p90,3,/groups/itay_mayrose/tomulanovski/gene2net/simulations/networks/Liu_2023.tre,/groups/itay_mayrose/tomulanovski/gene2net/simulations/simulations/Liu_2023/results/conf_ils_high_10M/polyphest_p90/replicate_3/polyphest_result.tre,True,True,692
Liu_2023,conf_ils_high_10M,polyphest_p90,4,/groups/itay_mayrose/tomulanovski/gene2net/simulations/networks/Liu_2023.tre,/groups/itay_mayrose/tomulanovski/gene2net/simulations/simulations/Liu_2023/results/conf_ils_high_10M/polyphest_p90/replicate_4/polyphest_result.tre,True,True,692
Liu_2023,conf_ils_high_10M,polyphest_p90,5,/groups/itay_mayrose/tomulanovski/gene2net/simulations/networks/Liu_2023.tre,/groups/itay_mayrose/tomulanovski/gene2net/simulations/simulations/Liu_2023/results/conf_ils_high_10M/polyphest_p90/replicate_5/polyphest_result.tre,True,True,692
Ren_2024,conf_ils_high_10M,polyphest_p90,1,/groups/itay_mayrose/tomulanovski/gene2net/simulations/networks/Ren_2024.tre,/groups/itay_mayrose/tomulanovski/gene2net/simulations/simulations/Ren_2024/results/conf_ils_high_10M/polyphest_p90/replicate_1/polyphest_result.tre,True,True,247
Ren_2024,conf_ils_high_10M,polyphest_p90,2,/groups/itay_mayrose/tomulanovski/gene2net/simulations/networks/Ren_2024.tre,/groups/itay_mayrose/tomulanovski/gene2net/simulations/simulations/Ren_2024/results/conf_ils_high_10M/polyphest_p90/replicate_2/polyphest_result.tre,True,True,247
Ren_2024,conf_ils_high_10M,polyphest_p90,3,/groups/itay_mayrose/tomulanovski/gene2net/simulations/networks/Ren_2024.tre,/groups/itay_mayrose/tomulanovski/gene2net/simulations/simulations/Ren_2024/results/conf_ils_high_10M/polyphest_p90/replicate_3/polyphest_result.tre,True,True,247
Ren_2024,conf_ils_high_10M,polyphest_p90,4,/groups/itay_mayrose/tomulanovski/gene2net/simulations/networks/Ren_2024.tre,/groups/itay_mayrose/tomulanovski/gene2net/simulations/simulations/Ren_2024/results/conf_ils_high_10M/polyphest_p90/replicate_4/polyphest_result.tre,True,True,247
Ren_2024,conf_ils_high_10M,polyphest_p90,5,/groups/itay_mayrose/tomulanovski/gene2net/simulations/networks/Ren_2024.tre,/groups/itay_mayrose/tomulanovski/gene2net/simulations/simulations/Ren_2024/results/conf_ils_high_10M/polyphest_p90/replicate_5/polyphest_result.tre,True,True,247
Marcussen_2011,conf_ils_high_10M,polyphest_p90,1,/groups/itay_mayrose/tomulanovski/gene2net/simulations/networks/Marcussen_2011.tre,/groups/itay_mayrose/tomulanovski/gene2net/simulations/simulations/Marcussen_2011/results/conf_ils_high_10M/polyphest_p90/replicate_1/polyphest_result.tre,True,True,410
Marcussen_2011,conf_ils_high_10M,polyphest_p90,2,/groups/itay_mayrose/tomulanovski/gene2net/simulations/networks/Marcussen_2011.tre,/groups/itay_mayrose/tomulanovski/gene2net/simulations/simulations/Marcussen_2011/results/conf_ils_high_10M/polyphest_p90/replicate_2/polyphest_result.tre,True,True,410
Marcussen_2011,conf_ils_high_10M,polyphest_p90,3,/groups/itay_mayrose/tomulanovski/gene2net/simulations/networks/Marcussen_2011.tre,/groups/itay_mayrose/tomulanovski/gene2net/simulations/simulations/Marcussen_2011/results/conf_ils_high_10M/polyphest_p90/replicate_3/polyphest_result.tre,True,True,410
Marcussen_2011,conf_ils_high_10M,polyphest_p90,4,/groups/itay_mayrose/tomulanovski/gene2net/simulations/networks/Marcussen_2011.tre,/groups/itay_mayrose/tomulanovski/gene2net/simulations/simulations/Marcussen_2011/results/conf_ils_high_10M/polyphest_p90/replicate_4/polyphest_result.tre,True,True,410
Marcussen_2011,conf_ils_high_10M,polyphest_p90,5,/groups/itay_mayrose/tomulanovski/gene2net/simulations/networks/Marcussen_2011.tre,/groups/itay_mayrose/tomulanovski/gene2net/simulations/simulations/Marcussen_2011/results/conf_ils_high_10M/polyphest_p90/replicate_5/polyphest_result.tre,True,True,410
Marcussen_2012,conf_ils_high_10M,polyphest_p90,1,/groups/itay_mayrose/tomulanovski/gene2net/simulations/networks/Marcussen_2012.tre,/groups/itay_mayrose/tomulanovski/gene2net/simulations/simulations/Marcussen_2012/results/conf_ils_high_10M/polyphest_p90/replicate_1/polyphest_result.tre,True,False,0
Marcussen_2012,conf_ils_high_10M,polyphest_p90,2,/groups/itay_mayrose/tomulanovski/gene2net/simulations/networks/Marcussen_2012.tre,/groups/itay_mayrose/tomulanovski/gene2net/simulations/simulations/Marcussen_2012/results/conf_ils_high_10M/polyphest_p90/replicate_2/polyphest_result.tre,True,False,0
Marcussen_2012,conf_ils_high_10M,polyphest_p90,3,/groups/itay_mayrose/tomulanovski/gene2net/simulations/networks/Marcussen_2012.tre,/groups/itay_mayrose/tomulanovski/gene2net/simulations/simulations/Marcussen_2012/results/conf_ils_high_10M/polyphest_p90/replicate_3/polyphest_result.tre,True,False,0
Marcussen_2012,conf_ils_high_10M,polyphest_p90,4,/groups/itay_mayrose/tomulanovski/gene2net/simulations/networks/Marcussen_2012.tre,/groups/itay_mayrose/tomulanovski/gene2net/simulations/simulations/Marcussen_2012/results/conf_ils_high_10M/polyphest_p90/replicate_4/polyphest_result.tre,True,False,0
Marcussen_2012,conf_ils_high_10M,polyphest_p90,5,/groups/itay_mayrose/tomulanovski/gene2net/simulations/networks/Marcussen_2012.tre,/groups/itay_mayrose/tomulanovski/gene2net/simulations/simulations/Marcussen_2012/results/conf_ils_high_10M/polyphest_p90/replicate_5/polyphest_result.tre,True,False,0
Sessa_2012b,conf_ils_high_10M,polyphest_p90,1,/groups/itay_mayrose/tomulanovski/gene2net/simulations/networks/Sessa_2012b.tre,/groups/itay_mayrose/tomulanovski/gene2net/simulations/simulations/Sessa_2012b/results/conf_ils_high_10M/polyphest_p90/replicate_1/polyphest_result.tre,True,True,970
Sessa_2012b,conf_ils_high_10M,polyphest_p90,2,/groups/itay_mayrose/tomulanovski/gene2net/simulations/networks/Sessa_2012b.tre,/groups/itay_mayrose/tomulanovski/gene2net/simulations/simulations/Sessa_2012b/results/conf_ils_high_10M/polyphest_p90/replicate_2/polyphest_result.tre,True,True,970
Sessa_2012b,conf_ils_high_10M,polyphest_p90,3,/groups/itay_mayrose/tomulanovski/gene2net/simulations/networks/Sessa_2012b.tre,/groups/itay_mayrose/tomulanovski/gene2net/simulations/simulations/Sessa_2012b/results/conf_ils_high_10M/polyphest_p90/replicate_3/polyphest_result.tre,True,True,970
Sessa_2012b,conf_ils_high_10M,polyphest_p90,4,/groups/itay_mayrose/tomulanovski/gene2net/simulations/networks/Sessa_2012b.tre,/groups/itay_mayrose/tomulanovski/gene2net/simulations/simulations/Sessa_2012b/results/conf_ils_high_10M/polyphest_p90/replicate_4/polyphest_result.tre,True,True,970
Sessa_2012b,conf_ils_high_10M,polyphest_p90,5,/groups/itay_mayrose/tomulanovski/gene2net/simulations/networks/Sessa_2012b.tre,/groups/itay_mayrose/tomulanovski/gene2net/simulations/simulations/Sessa_2012b/results/conf_ils_high_10M/polyphest_p90/replicate_5/polyphest_result.tre,True,True,970
Zhao_2021,conf_ils_high_10M,polyphest_p90,1,/groups/itay_mayrose/tomulanovski/gene2net/simulations/networks/Zhao_2021.tre,/groups/itay_mayrose/tomulanovski/gene2net/simulations/simulations/Zhao_2021/results/conf_ils_high_10M/polyphest_p90/replicate_1/polyphest_result.tre,True,True,270
Zhao_2021,conf_ils_high_10M,polyphest_p90,2,/groups/itay_mayrose/tomulanovski/gene2net/simulations/networks/Zhao_2021.tre,/groups/itay_mayrose/tomulanovski/gene2net/simulations/simulations/Zhao_2021/results/conf_ils_high_10M/polyphest_p90/replicate_2/polyphest_result.tre,True,True,270
Zhao_2021,conf_ils_high_10M,polyphest_p90,3,/groups/itay_mayrose/tomulanovski/gene2net/simulations/networks/Zhao_2021.tre,/groups/itay_mayrose/tomulanovski/gene2net/simulations/simulations/Zhao_2021/results/conf_ils_high_10M/polyphest_p90/replicate_3/polyphest_result.tre,True,True,270
Zhao_2021,conf_ils_high_10M,polyphest_p90,4,/groups/itay_mayrose/tomulanovski/gene2net/simulations/networks/Zhao_2021.tre,/groups/itay_mayrose/tomulanovski/gene2net/simulations/simulations/Zhao_2021/results/conf_ils_high_10M/polyphest_p90/replicate_4/polyphest_result.tre,True,True,270
Zhao_2021,conf_ils_high_10M,polyphest_p90,5,/groups/itay_mayrose/tomulanovski/gene2net/simulations/networks/Zhao_2021.tre,/groups/itay_mayrose/tomulanovski/gene2net/simulations/simulations/Zhao_2021/results/conf_ils_high_10M/polyphest_p90/replicate_5/polyphest_result.tre,True,True,270
Hori_2014,conf_ils_high_10M,polyphest_p90,1,/groups/itay_mayrose/tomulanovski/gene2net/simulations/networks/Hori_2014.tre,/groups/itay_mayrose/tomulanovski/gene2net/simulations/simulations/Hori_2014/results/conf_ils_high_10M/polyphest_p90/replicate_1/polyphest_result.tre,True,True,348
Hori_2014,conf_ils_high_10M,polyphest_p90,2,/groups/itay_mayrose/tomulanovski/gene2net/simulations/networks/Hori_2014.tre,/groups/itay_mayrose/tomulanovski/gene2net/simulations/simulations/Hori_2014/results/conf_ils_high_10M/polyphest_p90/replicate_2/polyphest_result.tre,True,True,348
Hori_2014,conf_ils_high_10M,polyphest_p90,3,/groups/itay_mayrose/tomulanovski/gene2net/simulations/networks/Hori_2014.tre,/groups/itay_mayrose/tomulanovski/gene2net/simulations/simulations/Hori_2014/results/conf_ils_high_10M/polyphest_p90/replicate_3/polyphest_result.tre,True,True,348
Hori_2014,conf_ils_high_10M,polyphest_p90,4,/groups/itay_mayrose/tomulanovski/gene2net/simulations/networks/Hori_2014.tre,/groups/itay_mayrose/tomulanovski/gene2net/simulations/simulations/Hori_2014/results/conf_ils_high_10M/polyphest_p90/replicate_4/polyphest_result.tre,True,True,348
Hori_2014,conf_ils_high_10M,polyphest_p90,5,/groups/itay_mayrose/tomulanovski/gene2net/simulations/networks/Hori_2014.tre,/groups/itay_mayrose/tomulanovski/gene2net/simulations/simulations/Hori_2014/results/conf_ils_high_10M/polyphest_p90/replicate_5/polyphest_result.tre,True,True,348
Marcussen_2015,conf_ils_high_10M,polyphest_p90,1,/groups/itay_mayrose/tomulanovski/gene2net/simulations/networks/Marcussen_2015.tre,/groups/itay_mayrose/tomulanovski/gene2net/simulations/simulations/Marcussen_2015/results/conf_ils_high_10M/polyphest_p90/replicate_1/polyphest_result.tre,True,False,0
Marcussen_2015,conf_ils_high_10M,polyphest_p90,2,/groups/itay_mayrose/tomulanovski/gene2net/simulations/networks/Marcussen_2015.tre,/groups/itay_mayrose/tomulanovski/gene2net/simulations/simulations/Marcussen_2015/results/conf_ils_high_10M/polyphest_p90/replicate_2/polyphest_result.tre,True,False,0
Marcussen_2015,conf_ils_high_10M,polyphest_p90,3,/groups/itay_mayrose/tomulanovski/gene2net/simulations/networks/Marcussen_2015.tre,/groups/itay_mayrose/tomulanovski/gene2net/simulations/simulations/Marcussen_2015/results/conf_ils_high_10M/polyphest_p90/replicate_3/polyphest_result.tre,True,False,0
Marcussen_2015,conf_ils_high_10M,polyphest_p90,4,/groups/itay_mayrose/tomulanovski/gene2net/simulations/networks/Marcussen_2015.tre,/groups/itay_mayrose/tomulanovski/gene2net/simulations/simulations/Marcussen_2015/results/conf_ils_high_10M/polyphest_p90/replicate_4/polyphest_result.tre,True,False,0
Marcussen_2015,conf_ils_high_10M,polyphest_p90,5,/groups/itay_mayrose/tomulanovski/gene2net/simulations/networks/Marcussen_2015.tre,/groups/itay_mayrose/tomulanovski/gene2net/simulations/simulations/Marcussen_2015/results/conf_ils_high_10M/polyphest_p90/replicate_5/polyphest_result.tre,True,False,0
Shahrestani_2015,conf_ils_high_10M,polyphest_p90,1,/groups/itay_mayrose/tomulanovski/gene2net/simulations/networks/Shahrestani_2015.tre,/groups/itay_mayrose/tomulanovski/gene2net/simulations/simulations/Shahrestani_2015/results/conf_ils_high_10M/polyphest_p90/replicate_1/polyphest_result.tre,True,True,119
Shahrestani_2015,conf_ils_high_10M,polyphest_p90,2,/groups/itay_mayrose/tomulanovski/gene2net/simulations/networks/Shahrestani_2015.tre,/groups/itay_mayrose/tomulanovski/gene2net/simulations/simulations/Shahrestani_2015/results/conf_ils_high_10M/polyphest_p90/replicate_2/polyphest_result.tre,True,True,119
Shahrestani_2015,conf_ils_high_10M,polyphest_p90,3,/groups/itay_mayrose/tomulanovski/gene2net/simulations/networks/Shahrestani_2015.tre,/groups/itay_mayrose/tomulanovski/gene2net/simulations/simulations/Shahrestani_2015/results/conf_ils_high_10M/polyphest_p90/replicate_3/polyphest_result.tre,True,True,119
Shahrestani_2015,conf_ils_high_10M,polyphest_p90,4,/groups/itay_mayrose/tomulanovski/gene2net/simulations/networks/Shahrestani_2015.tre,/groups/itay_mayrose/tomulanovski/gene2net/simulations/simulations/Shahrestani_2015/results/conf_ils_high_10M/polyphest_p90/replicate_4/polyphest_result.tre,True,True,119
Shahrestani_2015,conf_ils_high_10M,polyphest_p90,5,/groups/itay_mayrose/tomulanovski/gene2net/simulations/networks/Shahrestani_2015.tre,/groups/itay_mayrose/tomulanovski/gene2net/simulations/simulations/Shahrestani_2015/results/conf_ils_high_10M/polyphest_p90/replicate_5/polyphest_result.tre,True,True,119
Morales-Briones_2021,conf_ils_high_10M,polyphest_p90,1,/groups/itay_mayrose/tomulanovski/gene2net/simulations/networks/Morales-Briones_2021.tre,/groups/itay_mayrose/tomulanovski/gene2net/simulations/simulations/Morales-Briones_2021/results/conf_ils_high_10M/polyphest_p90/replicate_1/polyphest_result.tre,True,False,0
Morales-Briones_2021,conf_ils_high_10M,polyphest_p90,2,/groups/itay_mayrose/tomulanovski/gene2net/simulations/networks/Morales-Briones_2021.tre,/groups/itay_mayrose/tomulanovski/gene2net/simulations/simulations/Morales-Briones_2021/results/conf_ils_high_10M/polyphest_p90/replicate_2/polyphest_result.tre,True,False,0
Morales-Briones_2021,conf_ils_high_10M,polyphest_p90,3,/groups/itay_mayrose/tomulanovski/gene2net/simulations/networks/Morales-Briones_2021.tre,/groups/itay_mayrose/tomulanovski/gene2net/simulations/simulations/Morales-Briones_2021/results/conf_ils_high_10M/polyphest_p90/replicate_3/polyphest_result.tre,True,False,0
Morales-Briones_2021,conf_ils_high_10M,polyphest_p90,4,/groups/itay_mayrose/tomulanovski/gene2net/simulations/networks/Morales-Briones_2021.tre,/groups/itay_mayrose/tomulanovski/gene2net/simulations/simulations/Morales-Briones_2021/results/conf_ils_high_10M/polyphest_p90/replicate_4/polyphest_result.tre,True,False,0
Morales-Briones_2021,conf_ils_high_10M,polyphest_p90,5,/groups/itay_mayrose/tomulanovski/gene2net/simulations/networks/Morales-Briones_2021.tre,/groups/itay_mayrose/tomulanovski/gene2net/simulations/simulations/Morales-Briones_2021/results/conf_ils_high_10M/polyphest_p90/replicate_5/polyphest_result.tre,True,False,0
Soza_2014,conf_ils_high_10M,polyphest_p90,1,/groups/itay_mayrose/tomulanovski/gene2net/simulations/networks/Soza_2014.tre,/groups/itay_mayrose/tomulanovski/gene2net/simulations/simulations/Soza_2014/results/conf_ils_high_10M/polyphest_p90/replicate_1/polyphest_result.tre,True,False,0
Soza_2014,conf_ils_high_10M,polyphest_p90,2,/groups/itay_mayrose/tomulanovski/gene2net/simulations/networks/Soza_2014.tre,/groups/itay_mayrose/tomulanovski/gene2net/simulations/simulations/Soza_2014/results/conf_ils_high_10M/polyphest_p90/replicate_2/polyphest_result.tre,True,False,0
Soza_2014,conf_ils_high_10M,polyphest_p90,3,/groups/itay_mayrose/tomulanovski/gene2net/simulations/networks/Soza_2014.tre,/groups/itay_mayrose/tomulanovski/gene2net/simulations/simulations/Soza_2014/results/conf_ils_high_10M/polyphest_p90/replicate_3/polyphest_result.tre,True,False,0
Soza_2014,conf_ils_high_10M,polyphest_p90,4,/groups/itay_mayrose/tomulanovski/gene2net/simulations/networks/Soza_2014.tre,/groups/itay_mayrose/tomulanovski/gene2net/simulations/simulations/Soza_2014/results/conf_ils_high_10M/polyphest_p90/replicate_4/polyphest_result.tre,True,False,0
Soza_2014,conf_ils_high_10M,polyphest_p90,5,/groups/itay_mayrose/tomulanovski/gene2net/simulations/networks/Soza_2014.tre,/groups/itay_mayrose/tomulanovski/gene2net/simulations/simulations/Soza_2014/results/conf_ils_high_10M/polyphest_p90/replicate_5/polyphest_result.tre,True,False,0
Bendiksby_2011,conf_ils_high_10M,mpsugar,1,/groups/itay_mayrose/tomulanovski/gene2net/simulations/networks/Bendiksby_2011.tre,/groups/itay_mayrose/tomulanovski/gene2net/simulations/simulations/Bendiksby_2011/results/conf_ils_high_10M/mpsugar/replicate_1/mpsugar_result.tre,True,True,1241
Bendiksby_2011,conf_ils_high_10M,mpsugar,2,/groups/itay_mayrose/tomulanovski/gene2net/simulations/networks/Bendiksby_2011.tre,/groups/itay_mayrose/tomulanovski/gene2net/simulations/simulations/Bendiksby_2011/results/conf_ils_high_10M/mpsugar/replicate_2/mpsugar_result.tre,True,True,1237
Bendiksby_2011,conf_ils_high_10M,mpsugar,3,/groups/itay_mayrose/tomulanovski/gene2net/simulations/networks/Bendiksby_2011.tre,/groups/itay_mayrose/tomulanovski/gene2net/simulations/simulations/Bendiksby_2011/results/conf_ils_high_10M/mpsugar/replicate_3/mpsugar_result.tre,True,True,1276
Bendiksby_2011,conf_ils_high_10M,mpsugar,4,/groups/itay_mayrose/tomulanovski/gene2net/simulations/networks/Bendiksby_2011.tre,/groups/itay_mayrose/tomulanovski/gene2net/simulations/simulations/Bendiksby_2011/results/conf_ils_high_10M/mpsugar/replicate_4/mpsugar_result.tre,True,True,1268
Bendiksby_2011,conf_ils_high_10M,mpsugar,5,/groups/itay_mayrose/tomulanovski/gene2net/simulations/networks/Bendiksby_2011.tre,/groups/itay_mayrose/tomulanovski/gene2net/simulations/simulations/Bendiksby_2011/results/conf_ils_high_10M/mpsugar/replicate_5/mpsugar_result.tre,True,True,1242
Koenen_2020,conf_ils_high_10M,mpsugar,1,/groups/itay_mayrose/tomulanovski/gene2net/simulations/networks/Koenen_2020.tre,/groups/itay_mayrose/tomulanovski/gene2net/simulations/simulations/Koenen_2020/results/conf_ils_high_10M/mpsugar/replicate_1/mpsugar_result.tre,True,True,453
Koenen_2020,conf_ils_high_10M,mpsugar,2,/groups/itay_mayrose/tomulanovski/gene2net/simulations/networks/Koenen_2020.tre,/groups/itay_mayrose/tomulanovski/gene2net/simulations/simulations/Koenen_2020/results/conf_ils_high_10M/mpsugar/replicate_2/mpsugar_result.tre,True,True,448
Koenen_2020,conf_ils_high_10M,mpsugar,3,/groups/itay_mayrose/tomulanovski/gene2net/simulations/networks/Koenen_2020.tre,/groups/itay_mayrose/tomulanovski/gene2net/simulations/simulations/Koenen_2020/results/conf_ils_high_10M/mpsugar/replicate_3/mpsugar_result.tre,True,True,455
Koenen_2020,conf_ils_high_10M,mpsugar,4,/groups/itay_mayrose/tomulanovski/gene2net/simulations/networks/Koenen_2020.tre,/groups/itay_mayrose/tomulanovski/gene2net/simulations/simulations/Koenen_2020/results/conf_ils_high_10M/mpsugar/replicate_4/mpsugar_result.tre,True,True,449
Koenen_2020,conf_ils_high_10M,mpsugar,5,/groups/itay_mayrose/tomulanovski/gene2net/simulations/networks/Koenen_2020.tre,/groups/itay_mayrose/tomulanovski/gene2net/simulations/simulations/Koenen_2020/results/conf_ils_high_10M/mpsugar/replicate_5/mpsugar_result.tre,True,True,452
Brysting_2007,conf_ils_high_10M,mpsugar,1,/groups/itay_mayrose/tomulanovski/gene2net/simulations/networks/Brysting_2007.tre,/groups/itay_mayrose/tomulanovski/gene2net/simulations/simulations/Brysting_2007/results/conf_ils_high_10M/mpsugar/replicate_1/mpsugar_result.tre,True,False,0
Brysting_2007,conf_ils_high_10M,mpsugar,2,/groups/itay_mayrose/tomulanovski/gene2net/simulations/networks/Brysting_2007.tre,/groups/itay_mayrose/tomulanovski/gene2net/simulations/simulations/Brysting_2007/results/conf_ils_high_10M/mpsugar/replicate_2/mpsugar_result.tre,True,False,0
Brysting_2007,conf_ils_high_10M,mpsugar,3,/groups/itay_mayrose/tomulanovski/gene2net/simulations/networks/Brysting_2007.tre,/groups/itay_mayrose/tomulanovski/gene2net/simulations/simulations/Brysting_2007/results/conf_ils_high_10M/mpsugar/replicate_3/mpsugar_result.tre,True,False,0
Brysting_2007,conf_ils_high_10M,mpsugar,4,/groups/itay_mayrose/tomulanovski/gene2net/simulations/networks/Brysting_2007.tre,/groups/itay_mayrose/tomulanovski/gene2net/simulations/simulations/Brysting_2007/results/conf_ils_high_10M/mpsugar/replicate_4/mpsugar_result.tre,True,False,0
Brysting_2007,conf_ils_high_10M,mpsugar,5,/groups/itay_mayrose/tomulanovski/gene2net/simulations/networks/Brysting_2007.tre,/groups/itay_mayrose/tomulanovski/gene2net/simulations/simulations/Brysting_2007/results/conf_ils_high_10M/mpsugar/replicate_5/mpsugar_result.tre,True,False,0
Lawrence_2016,conf_ils_high_10M,mpsugar,1,/groups/itay_mayrose/tomulanovski/gene2net/simulations/networks/Lawrence_2016.tre,/groups/itay_mayrose/tomulanovski/gene2net/simulations/simulations/Lawrence_2016/results/conf_ils_high_10M/mpsugar/replicate_1/mpsugar_result.tre,True,False,0
Lawrence_2016,conf_ils_high_10M,mpsugar,2,/groups/itay_mayrose/tomulanovski/gene2net/simulations/networks/Lawrence_2016.tre,/groups/itay_mayrose/tomulanovski/gene2net/simulations/simulations/Lawrence_2016/results/conf_ils_high_10M/mpsugar/replicate_2/mpsugar_result.tre,True,False,0
Lawrence_2016,conf_ils_high_10M,mpsugar,3,/groups/itay_mayrose/tomulanovski/gene2net/simulations/networks/Lawrence_2016.tre,/groups/itay_mayrose/tomulanovski/gene2net/simulations/simulations/Lawrence_2016/results/conf_ils_high_10M/mpsugar/replicate_3/mpsugar_result.tre,True,False,0
Lawrence_2016,conf_ils_high_10M,mpsugar,4,/groups/itay_mayrose/tomulanovski/gene2net/simulations/networks/Lawrence_2016.tre,/groups/itay_mayrose/tomulanovski/gene2net/simulations/simulations/Lawrence_2016/results/conf_ils_high_10M/mpsugar/replicate_4/mpsugar_result.tre,True,False,0
Lawrence_2016,conf_ils_high_10M,mpsugar,5,/groups/itay_mayrose/tomulanovski/gene2net/simulations/networks/Lawrence_2016.tre,/groups/itay_mayrose/tomulanovski/gene2net/simulations/simulations/Lawrence_2016/results/conf_ils_high_10M/mpsugar/replicate_5/mpsugar_result.tre,True,False,0
Diaz-Perez_2018,conf_ils_high_10M,mpsugar,1,/groups/itay_mayrose/tomulanovski/gene2net/simulations/networks/Diaz-Perez_2018.tre,/groups/itay_mayrose/tomulanovski/gene2net/simulations/simulations/Diaz-Perez_2018/results/conf_ils_high_10M/mpsugar/replicate_1/mpsugar_result.tre,True,False,0
Diaz-Perez_2018,conf_ils_high_10M,mpsugar,2,/groups/itay_mayrose/tomulanovski/gene2net/simulations/networks/Diaz-Perez_2018.tre,/groups/itay_mayrose/tomulanovski/gene2net/simulations/simulations/Diaz-Perez_2018/results/conf_ils_high_10M/mpsugar/replicate_2/mpsugar_result.tre,True,False,0
Diaz-Perez_2018,conf_ils_high_10M,mpsugar,3,/groups/itay_mayrose/tomulanovski/gene2net/simulations/networks/Diaz-Perez_2018.tre,/groups/itay_mayrose/tomulanovski/gene2net/simulations/simulations/Diaz-Perez_2018/results/conf_ils_high_10M/mpsugar/replicate_3/mpsugar_result.tre,True,False,0
Diaz-Perez_2018,conf_ils_high_10M,mpsugar,4,/groups/itay_mayrose/tomulanovski/gene2net/simulations/networks/Diaz-Perez_2018.tre,/groups/itay_mayrose/tomulanovski/gene2net/simulations/simulations/Diaz-Perez_2018/results/conf_ils_high_10M/mpsugar/replicate_4/mpsugar_result.tre,True,False,0
Diaz-Perez_2018,conf_ils_high_10M,mpsugar,5,/groups/itay_mayrose/tomulanovski/gene2net/simulations/networks/Diaz-Perez_2018.tre,/groups/itay_mayrose/tomulanovski/gene2net/simulations/simulations/Diaz-Perez_2018/results/conf_ils_high_10M/mpsugar/replicate_5/mpsugar_result.tre,True,False,0
Wisecaver_2023,conf_ils_high_10M,mpsugar,1,/groups/itay_mayrose/tomulanovski/gene2net/simulations/networks/Wisecaver_2023.tre,/groups/itay_mayrose/tomulanovski/gene2net/simulations/simulations/Wisecaver_2023/results/conf_ils_high_10M/mpsugar/replicate_1/mpsugar_result.tre,True,False,0
Wisecaver_2023,conf_ils_high_10M,mpsugar,2,/groups/itay_mayrose/tomulanovski/gene2net/simulations/networks/Wisecaver_2023.tre,/groups/itay_mayrose/tomulanovski/gene2net/simulations/simulations/Wisecaver_2023/results/conf_ils_high_10M/mpsugar/replicate_2/mpsugar_result.tre,True,False,0
Wisecaver_2023,conf_ils_high_10M,mpsugar,3,/groups/itay_mayrose/tomulanovski/gene2net/simulations/networks/Wisecaver_2023.tre,/groups/itay_mayrose/tomulanovski/gene2net/simulations/simulations/Wisecaver_2023/results/conf_ils_high_10M/mpsugar/replicate_3/mpsugar_result.tre,True,False,0
Wisecaver_2023,conf_ils_high_10M,mpsugar,4,/groups/itay_mayrose/tomulanovski/gene2net/simulations/networks/Wisecaver_2023.tre,/groups/itay_mayrose/tomulanovski/gene2net/simulations/simulations/Wisecaver_2023/results/conf_ils_high_10M/mpsugar/replicate_4/mpsugar_result.tre,True,False,0
Wisecaver_2023,conf_ils_high_10M,mpsugar,5,/groups/itay_mayrose/tomulanovski/gene2net/simulations/networks/Wisecaver_2023.tre,/groups/itay_mayrose/tomulanovski/gene2net/simulations/simulations/Wisecaver_2023/results/conf_ils_high_10M/mpsugar/replicate_5/mpsugar_result.tre,True,False,0
Ding_2023,conf_ils_high_10M,mpsugar,1,/groups/itay_mayrose/tomulanovski/gene2net/simulations/networks/Ding_2023.tre,/groups/itay_mayrose/tomulanovski/gene2net/simulations/simulations/Ding_2023/results/conf_ils_high_10M/mpsugar/replicate_1/mpsugar_result.tre,True,True,168
Ding_2023,conf_ils_high_10M,mpsugar,2,/groups/itay_mayrose/tomulanovski/gene2net/simulations/networks/Ding_2023.tre,/groups/itay_mayrose/tomulanovski/gene2net/simulations/simulations/Ding_2023/results/conf_ils_high_10M/mpsugar/replicate_2/mpsugar_result.tre,True,True,160
Ding_2023,conf_ils_high_10M,mpsugar,3,/groups/itay_mayrose/tomulanovski/gene2net/simulations/networks/Ding_2023.tre,/groups/itay_mayrose/tomulanovski/gene2net/simulations/simulations/Ding_2023/results/conf_ils_high_10M/mpsugar/replicate_3/mpsugar_result.tre,True,True,162
Ding_2023,conf_ils_high_10M,mpsugar,4,/groups/itay_mayrose/tomulanovski/gene2net/simulations/networks/Ding_2023.tre,/groups/itay_mayrose/tomulanovski/gene2net/simulations/simulations/Ding_2023/results/conf_ils_high_10M/mpsugar/replicate_4/mpsugar_result.tre,True,True,168
Ding_2023,conf_ils_high_10M,mpsugar,5,/groups/itay_mayrose/tomulanovski/gene2net/simulations/networks/Ding_2023.tre,/groups/itay_mayrose/tomulanovski/gene2net/simulations/simulations/Ding_2023/results/conf_ils_high_10M/mpsugar/replicate_5/mpsugar_result.tre,True,True,159
Liang_2019,conf_ils_high_10M,mpsugar,1,/groups/itay_mayrose/tomulanovski/gene2net/simulations/networks/Liang_2019.tre,/groups/itay_mayrose/tomulanovski/gene2net/simulations/simulations/Liang_2019/results/conf_ils_high_10M/mpsugar/replicate_1/mpsugar_result.tre,True,False,0
Liang_2019,conf_ils_high_10M,mpsugar,2,/groups/itay_mayrose/tomulanovski/gene2net/simulations/networks/Liang_2019.tre,/groups/itay_mayrose/tomulanovski/gene2net/simulations/simulations/Liang_2019/results/conf_ils_high_10M/mpsugar/replicate_2/mpsugar_result.tre,True,False,0
Liang_2019,conf_ils_high_10M,mpsugar,3,/groups/itay_mayrose/tomulanovski/gene2net/simulations/networks/Liang_2019.tre,/groups/itay_mayrose/tomulanovski/gene2net/simulations/simulations/Liang_2019/results/conf_ils_high_10M/mpsugar/replicate_3/mpsugar_result.tre,True,False,0
Liang_2019,conf_ils_high_10M,mpsugar,4,/groups/itay_mayrose/tomulanovski/gene2net/simulations/networks/Liang_2019.tre,/groups/itay_mayrose/tomulanovski/gene2net/simulations/simulations/Liang_2019/results/conf_ils_high_10M/mpsugar/replicate_4/mpsugar_result.tre,True,False,0
Liang_2019,conf_ils_high_10M,mpsugar,5,/groups/itay_mayrose/tomulanovski/gene2net/simulations/networks/Liang_2019.tre,/groups/itay_mayrose/tomulanovski/gene2net/simulations/simulations/Liang_2019/results/conf_ils_high_10M/mpsugar/replicate_5/mpsugar_result.tre,True,False,0
Popp_2005,conf_ils_high_10M,mpsugar,1,/groups/itay_mayrose/tomulanovski/gene2net/simulations/networks/Popp_2005.tre,/groups/itay_mayrose/tomulanovski/gene2net/simulations/simulations/Popp_2005/results/conf_ils_high_10M/mpsugar/replicate_1/mpsugar_result.tre,True,False,0
Popp_2005,conf_ils_high_10M,mpsugar,2,/groups/itay_mayrose/tomulanovski/gene2net/simulations/networks/Popp_2005.tre,/groups/itay_mayrose/tomulanovski/gene2net/simulations/simulations/Popp_2005/results/conf_ils_high_10M/mpsugar/replicate_2/mpsugar_result.tre,True,False,0
Popp_2005,conf_ils_high_10M,mpsugar,3,/groups/itay_mayrose/tomulanovski/gene2net/simulations/networks/Popp_2005.tre,/groups/itay_mayrose/tomulanovski/gene2net/simulations/simulations/Popp_2005/results/conf_ils_high_10M/mpsugar/replicate_3/mpsugar_result.tre,True,False,0
Popp_2005,conf_ils_high_10M,mpsugar,4,/groups/itay_mayrose/tomulanovski/gene2net/simulations/networks/Popp_2005.tre,/groups/itay_mayrose/tomulanovski/gene2net/simulations/simulations/Popp_2005/results/conf_ils_high_10M/mpsugar/replicate_4/mpsugar_result.tre,True,False,0
Popp_2005,conf_ils_high_10M,mpsugar,5,/groups/itay_mayrose/tomulanovski/gene2net/simulations/networks/Popp_2005.tre,/groups/itay_mayrose/tomulanovski/gene2net/simulations/simulations/Popp_2005/results/conf_ils_high_10M/mpsugar/replicate_5/mpsugar_result.tre,True,False,0
Wu_2015,conf_ils_high_10M,mpsugar,1,/groups/itay_mayrose/tomulanovski/gene2net/simulations/networks/Wu_2015.tre,/groups/itay_mayrose/tomulanovski/gene2net/simulations/simulations/Wu_2015/results/conf_ils_high_10M/mpsugar/replicate_1/mpsugar_result.tre,True,True,333
Wu_2015,conf_ils_high_10M,mpsugar,2,/groups/itay_mayrose/tomulanovski/gene2net/simulations/networks/Wu_2015.tre,/groups/itay_mayrose/tomulanovski/gene2net/simulations/simulations/Wu_2015/results/conf_ils_high_10M/mpsugar/replicate_2/mpsugar_result.tre,True,True,324
Wu_2015,conf_ils_high_10M,mpsugar,3,/groups/itay_mayrose/tomulanovski/gene2net/simulations/networks/Wu_2015.tre,/groups/itay_mayrose/tomulanovski/gene2net/simulations/simulations/Wu_2015/results/conf_ils_high_10M/mpsugar/replicate_3/mpsugar_result.tre,True,True,368
Wu_2015,conf_ils_high_10M,mpsugar,4,/groups/itay_mayrose/tomulanovski/gene2net/simulations/networks/Wu_2015.tre,/groups/itay_mayrose/tomulanovski/gene2net/simulations/simulations/Wu_2015/results/conf_ils_high_10M/mpsugar/replicate_4/mpsugar_result.tre,True,True,343
Wu_2015,conf_ils_high_10M,mpsugar,5,/groups/itay_mayrose/tomulanovski/gene2net/simulations/networks/Wu_2015.tre,/groups/itay_mayrose/tomulanovski/gene2net/simulations/simulations/Wu_2015/results/conf_ils_high_10M/mpsugar/replicate_5/mpsugar_result.tre,True,True,344
Liu_2023,conf_ils_high_10M,mpsugar,1,/groups/itay_mayrose/tomulanovski/gene2net/simulations/networks/Liu_2023.tre,/groups/itay_mayrose/tomulanovski/gene2net/simulations/simulations/Liu_2023/results/conf_ils_high_10M/mpsugar/replicate_1/mpsugar_result.tre,True,True,753
Liu_2023,conf_ils_high_10M,mpsugar,2,/groups/itay_mayrose/tomulanovski/gene2net/simulations/networks/Liu_2023.tre,/groups/itay_mayrose/tomulanovski/gene2net/simulations/simulations/Liu_2023/results/conf_ils_high_10M/mpsugar/replicate_2/mpsugar_result.tre,True,True,784
Liu_2023,conf_ils_high_10M,mpsugar,3,/groups/itay_mayrose/tomulanovski/gene2net/simulations/networks/Liu_2023.tre,/groups/itay_mayrose/tomulanovski/gene2net/simulations/simulations/Liu_2023/results/conf_ils_high_10M/mpsugar/replicate_3/mpsugar_result.tre,True,True,752
Liu_2023,conf_ils_high_10M,mpsugar,4,/groups/itay_mayrose/tomulanovski/gene2net/simulations/networks/Liu_2023.tre,/groups/itay_mayrose/tomulanovski/gene2net/simulations/simulations/Liu_2023/results/conf_ils_high_10M/mpsugar/replicate_4/mpsugar_result.tre,True,True,786
Liu_2023,conf_ils_high_10M,mpsugar,5,/groups/itay_mayrose/tomulanovski/gene2net/simulations/networks/Liu_2023.tre,/groups/itay_mayrose/tomulanovski/gene2net/simulations/simulations/Liu_2023/results/conf_ils_high_10M/mpsugar/replicate_5/mpsugar_result.tre,True,True,744
Ren_2024,conf_ils_high_10M,mpsugar,1,/groups/itay_mayrose/tomulanovski/gene2net/simulations/networks/Ren_2024.tre,/groups/itay_mayrose/tomulanovski/gene2net/simulations/simulations/Ren_2024/results/conf_ils_high_10M/mpsugar/replicate_1/mpsugar_result.tre,True,False,0
Ren_2024,conf_ils_high_10M,mpsugar,2,/groups/itay_mayrose/tomulanovski/gene2net/simulations/networks/Ren_2024.tre,/groups/itay_mayrose/tomulanovski/gene2net/simulations/simulations/Ren_2024/results/conf_ils_high_10M/mpsugar/replicate_2/mpsugar_result.tre,True,False,0
Ren_2024,conf_ils_high_10M,mpsugar,3,/groups/itay_mayrose/tomulanovski/gene2net/simulations/networks/Ren_2024.tre,/groups/itay_mayrose/tomulanovski/gene2net/simulations/simulations/Ren_2024/results/conf_ils_high_10M/mpsugar/replicate_3/mpsugar_result.tre,True,False,0
Ren_2024,conf_ils_high_10M,mpsugar,4,/groups/itay_mayrose/tomulanovski/gene2net/simulations/networks/Ren_2024.tre,/groups/itay_mayrose/tomulanovski/gene2net/simulations/simulations/Ren_2024/results/conf_ils_high_10M/mpsugar/replicate_4/mpsugar_result.tre,True,False,0
Ren_2024,conf_ils_high_10M,mpsugar,5,/groups/itay_mayrose/tomulanovski/gene2net/simulations/networks/Ren_2024.tre,/groups/itay_mayrose/tomulanovski/gene2net/simulations/simulations/Ren_2024/results/conf_ils_high_10M/mpsugar/replicate_5/mpsugar_result.tre,True,False,0
Marcussen_2011,conf_ils_high_10M,mpsugar,1,/groups/itay_mayrose/tomulanovski/gene2net/simulations/networks/Marcussen_2011.tre,/groups/itay_mayrose/tomulanovski/gene2net/simulations/simulations/Marcussen_2011/results/conf_ils_high_10M/mpsugar/replicate_1/mpsugar_result.tre,True,False,0
Marcussen_2011,conf_ils_high_10M,mpsugar,2,/groups/itay_mayrose/tomulanovski/gene2net/simulations/networks/Marcussen_2011.tre,/groups/itay_mayrose/tomulanovski/gene2net/simulations/simulations/Marcussen_2011/results/conf_ils_high_10M/mpsugar/replicate_2/mpsugar_result.tre,True,False,0
Marcussen_2011,conf_ils_high_10M,mpsugar,3,/groups/itay_mayrose/tomulanovski/gene2net/simulations/networks/Marcussen_2011.tre,/groups/itay_mayrose/tomulanovski/gene2net/simulations/simulations/Marcussen_2011/results/conf_ils_high_10M/mpsugar/replicate_3/mpsugar_result.tre,True,False,0
Marcussen_2011,conf_ils_high_10M,mpsugar,4,/groups/itay_mayrose/tomulanovski/gene2net/simulations/networks/Marcussen_2011.tre,/groups/itay_mayrose/tomulanovski/gene2net/simulations/simulations/Marcussen_2011/results/conf_ils_high_10M/mpsugar/replicate_4/mpsugar_result.tre,True,False,0
Marcussen_2011,conf_ils_high_10M,mpsugar,5,/groups/itay_mayrose/tomulanovski/gene2net/simulations/networks/Marcussen_2011.tre,/groups/itay_mayrose/tomulanovski/gene2net/simulations/simulations/Marcussen_2011/results/conf_ils_high_10M/mpsugar/replicate_5/mpsugar_result.tre,True,False,0
Marcussen_2012,conf_ils_high_10M,mpsugar,1,/groups/itay_mayrose/tomulanovski/gene2net/simulations/networks/Marcussen_2012.tre,/groups/itay_mayrose/tomulanovski/gene2net/simulations/simulations/Marcussen_2012/results/conf_ils_high_10M/mpsugar/replicate_1/mpsugar_result.tre,True,False,0
Marcussen_2012,conf_ils_high_10M,mpsugar,2,/groups/itay_mayrose/tomulanovski/gene2net/simulations/networks/Marcussen_2012.tre,/groups/itay_mayrose/tomulanovski/gene2net/simulations/simulations/Marcussen_2012/results/conf_ils_high_10M/mpsugar/replicate_2/mpsugar_result.tre,True,False,0
Marcussen_2012,conf_ils_high_10M,mpsugar,3,/groups/itay_mayrose/tomulanovski/gene2net/simulations/networks/Marcussen_2012.tre,/groups/itay_mayrose/tomulanovski/gene2net/simulations/simulations/Marcussen_2012/results/conf_ils_high_10M/mpsugar/replicate_3/mpsugar_result.tre,True,False,0
Marcussen_2012,conf_ils_high_10M,mpsugar,4,/groups/itay_mayrose/tomulanovski/gene2net/simulations/networks/Marcussen_2012.tre,/groups/itay_mayrose/tomulanovski/gene2net/simulations/simulations/Marcussen_2012/results/conf_ils_high_10M/mpsugar/replicate_4/mpsugar_result.tre,True,False,0
Marcussen_2012,conf_ils_high_10M,mpsugar,5,/groups/itay_mayrose/tomulanovski/gene2net/simulations/networks/Marcussen_2012.tre,/groups/itay_mayrose/tomulanovski/gene2net/simulations/simulations/Marcussen_2012/results/conf_ils_high_10M/mpsugar/replicate_5/mpsugar_result.tre,True,False,0
Sessa_2012b,conf_ils_high_10M,mpsugar,1,/groups/itay_mayrose/tomulanovski/gene2net/simulations/networks/Sessa_2012b.tre,/groups/itay_mayrose/tomulanovski/gene2net/simulations/simulations/Sessa_2012b/results/conf_ils_high_10M/mpsugar/replicate_1/mpsugar_result.tre,True,False,0
Sessa_2012b,conf_ils_high_10M,mpsugar,2,/groups/itay_mayrose/tomulanovski/gene2net/simulations/networks/Sessa_2012b.tre,/groups/itay_mayrose/tomulanovski/gene2net/simulations/simulations/Sessa_2012b/results/conf_ils_high_10M/mpsugar/replicate_2/mpsugar_result.tre,True,False,0
Sessa_2012b,conf_ils_high_10M,mpsugar,3,/groups/itay_mayrose/tomulanovski/gene2net/simulations/networks/Sessa_2012b.tre,/groups/itay_mayrose/tomulanovski/gene2net/simulations/simulations/Sessa_2012b/results/conf_ils_high_10M/mpsugar/replicate_3/mpsugar_result.tre,True,False,0
Sessa_2012b,conf_ils_high_10M,mpsugar,4,/groups/itay_mayrose/tomulanovski/gene2net/simulations/networks/Sessa_2012b.tre,/groups/itay_mayrose/tomulanovski/gene2net/simulations/simulations/Sessa_2012b/results/conf_ils_high_10M/mpsugar/replicate_4/mpsugar_result.tre,True,False,0
Sessa_2012b,conf_ils_high_10M,mpsugar,5,/groups/itay_mayrose/tomulanovski/gene2net/simulations/networks/Sessa_2012b.tre,/groups/itay_mayrose/tomulanovski/gene2net/simulations/simulations/Sessa_2012b/results/conf_ils_high_10M/mpsugar/replicate_5/mpsugar_result.tre,True,False,0
Zhao_2021,conf_ils_high_10M,mpsugar,1,/groups/itay_mayrose/tomulanovski/gene2net/simulations/networks/Zhao_2021.tre,/groups/itay_mayrose/tomulanovski/gene2net/simulations/simulations/Zhao_2021/results/conf_ils_high_10M/mpsugar/replicate_1/mpsugar_result.tre,True,False,0
Zhao_2021,conf_ils_high_10M,mpsugar,2,/groups/itay_mayrose/tomulanovski/gene2net/simulations/networks/Zhao_2021.tre,/groups/itay_mayrose/tomulanovski/gene2net/simulations/simulations/Zhao_2021/results/conf_ils_high_10M/mpsugar/replicate_2/mpsugar_result.tre,True,False,0
Zhao_2021,conf_ils_high_10M,mpsugar,3,/groups/itay_mayrose/tomulanovski/gene2net/simulations/networks/Zhao_2021.tre,/groups/itay_mayrose/tomulanovski/gene2net/simulations/simulations/Zhao_2021/results/conf_ils_high_10M/mpsugar/replicate_3/mpsugar_result.tre,True,False,0
Zhao_2021,conf_ils_high_10M,mpsugar,4,/groups/itay_mayrose/tomulanovski/gene2net/simulations/networks/Zhao_2021.tre,/groups/itay_mayrose/tomulanovski/gene2net/simulations/simulations/Zhao_2021/results/conf_ils_high_10M/mpsugar/replicate_4/mpsugar_result.tre,True,False,0
Zhao_2021,conf_ils_high_10M,mpsugar,5,/groups/itay_mayrose/tomulanovski/gene2net/simulations/networks/Zhao_2021.tre,/groups/itay_mayrose/tomulanovski/gene2net/simulations/simulations/Zhao_2021/results/conf_ils_high_10M/mpsugar/replicate_5/mpsugar_result.tre,True,False,0
Hori_2014,conf_ils_high_10M,mpsugar,1,/groups/itay_mayrose/tomulanovski/gene2net/simulations/networks/Hori_2014.tre,/groups/itay_mayrose/tomulanovski/gene2net/simulations/simulations/Hori_2014/results/conf_ils_high_10M/mpsugar/replicate_1/mpsugar_result.tre,True,False,0
Hori_2014,conf_ils_high_10M,mpsugar,2,/groups/itay_mayrose/tomulanovski/gene2net/simulations/networks/Hori_2014.tre,/groups/itay_mayrose/tomulanovski/gene2net/simulations/simulations/Hori_2014/results/conf_ils_high_10M/mpsugar/replicate_2/mpsugar_result.tre,True,False,0
Hori_2014,conf_ils_high_10M,mpsugar,3,/groups/itay_mayrose/tomulanovski/gene2net/simulations/networks/Hori_2014.tre,/groups/itay_mayrose/tomulanovski/gene2net/simulations/simulations/Hori_2014/results/conf_ils_high_10M/mpsugar/replicate_3/mpsugar_result.tre,True,False,0
Hori_2014,conf_ils_high_10M,mpsugar,4,/groups/itay_mayrose/tomulanovski/gene2net/simulations/networks/Hori_2014.tre,/groups/itay_mayrose/tomulanovski/gene2net/simulations/simulations/Hori_2014/results/conf_ils_high_10M/mpsugar/replicate_4/mpsugar_result.tre,True,False,0
Hori_2014,conf_ils_high_10M,mpsugar,5,/groups/itay_mayrose/tomulanovski/gene2net/simulations/networks/Hori_2014.tre,/groups/itay_mayrose/tomulanovski/gene2net/simulations/simulations/Hori_2014/results/conf_ils_high_10M/mpsugar/replicate_5/mpsugar_result.tre,True,False,0
Marcussen_2015,conf_ils_high_10M,mpsugar,1,/groups/itay_mayrose/tomulanovski/gene2net/simulations/networks/Marcussen_2015.tre,/groups/itay_mayrose/tomulanovski/gene2net/simulations/simulations/Marcussen_2015/results/conf_ils_high_10M/mpsugar/replicate_1/mpsugar_result.tre,True,False,0
Marcussen_2015,conf_ils_high_10M,mpsugar,2,/groups/itay_mayrose/tomulanovski/gene2net/simulations/networks/Marcussen_2015.tre,/groups/itay_mayrose/tomulanovski/gene2net/simulations/simulations/Marcussen_2015/results/conf_ils_high_10M/mpsugar/replicate_2/mpsugar_result.tre,True,False,0
Marcussen_2015,conf_ils_high_10M,mpsugar,3,/groups/itay_mayrose/tomulanovski/gene2net/simulations/networks/Marcussen_2015.tre,/groups/itay_mayrose/tomulanovski/gene2net/simulations/simulations/Marcussen_2015/results/conf_ils_high_10M/mpsugar/replicate_3/mpsugar_result.tre,True,False,0
Marcussen_2015,conf_ils_high_10M,mpsugar,4,/groups/itay_mayrose/tomulanovski/gene2net/simulations/networks/Marcussen_2015.tre,/groups/itay_mayrose/tomulanovski/gene2net/simulations/simulations/Marcussen_2015/results/conf_ils_high_10M/mpsugar/replicate_4/mpsugar_result.tre,True,False,0
Marcussen_2015,conf_ils_high_10M,mpsugar,5,/groups/itay_mayrose/tomulanovski/gene2net/simulations/networks/Marcussen_2015.tre,/groups/itay_mayrose/tomulanovski/gene2net/simulations/simulations/Marcussen_2015/results/conf_ils_high_10M/mpsugar/replicate_5/mpsugar_result.tre,True,False,0
Shahrestani_2015,conf_ils_high_10M,mpsugar,1,/groups/itay_mayrose/tomulanovski/gene2net/simulations/networks/Shahrestani_2015.tre,/groups/itay_mayrose/tomulanovski/gene2net/simulations/simulations/Shahrestani_2015/results/conf_ils_high_10M/mpsugar/replicate_1/mpsugar_result.tre,True,True,168
Shahrestani_2015,conf_ils_high_10M,mpsugar,2,/groups/itay_mayrose/tomulanovski/gene2net/simulations/networks/Shahrestani_2015.tre,/groups/itay_mayrose/tomulanovski/gene2net/simulations/simulations/Shahrestani_2015/results/conf_ils_high_10M/mpsugar/replicate_2/mpsugar_result.tre,True,True,158
Shahrestani_2015,conf_ils_high_10M,mpsugar,3,/groups/itay_mayrose/tomulanovski/gene2net/simulations/networks/Shahrestani_2015.tre,/groups/itay_mayrose/tomulanovski/gene2net/simulations/simulations/Shahrestani_2015/results/conf_ils_high_10M/mpsugar/replicate_3/mpsugar_result.tre,True,True,159
Shahrestani_2015,conf_ils_high_10M,mpsugar,4,/groups/itay_mayrose/tomulanovski/gene2net/simulations/networks/Shahrestani_2015.tre,/groups/itay_mayrose/tomulanovski/gene2net/simulations/simulations/Shahrestani_2015/results/conf_ils_high_10M/mpsugar/replicate_4/mpsugar_result.tre,True,True,155
Shahrestani_2015,conf_ils_high_10M,mpsugar,5,/groups/itay_mayrose/tomulanovski/gene2net/simulations/networks/Shahrestani_2015.tre,/groups/itay_mayrose/tomulanovski/gene2net/simulations/simulations/Shahrestani_2015/results/conf_ils_high_10M/mpsugar/replicate_5/mpsugar_result.tre,True,False,0
Morales-Briones_2021,conf_ils_high_10M,mpsugar,1,/groups/itay_mayrose/tomulanovski/gene2net/simulations/networks/Morales-Briones_2021.tre,/groups/itay_mayrose/tomulanovski/gene2net/simulations/simulations/Morales-Briones_2021/results/conf_ils_high_10M/mpsugar/replicate_1/mpsugar_result.tre,True,False,0
Morales-Briones_2021,conf_ils_high_10M,mpsugar,2,/groups/itay_mayrose/tomulanovski/gene2net/simulations/networks/Morales-Briones_2021.tre,/groups/itay_mayrose/tomulanovski/gene2net/simulations/simulations/Morales-Briones_2021/results/conf_ils_high_10M/mpsugar/replicate_2/mpsugar_result.tre,True,False,0
Morales-Briones_2021,conf_ils_high_10M,mpsugar,3,/groups/itay_mayrose/tomulanovski/gene2net/simulations/networks/Morales-Briones_2021.tre,/groups/itay_mayrose/tomulanovski/gene2net/simulations/simulations/Morales-Briones_2021/results/conf_ils_high_10M/mpsugar/replicate_3/mpsugar_result.tre,True,False,0
Morales-Briones_2021,conf_ils_high_10M,mpsugar,4,/groups/itay_mayrose/tomulanovski/gene2net/simulations/networks/Morales-Briones_2021.tre,/groups/itay_mayrose/tomulanovski/gene2net/simulations/simulations/Morales-Briones_2021/results/conf_ils_high_10M/mpsugar/replicate_4/mpsugar_result.tre,True,False,0
Morales-Briones_2021,conf_ils_high_10M,mpsugar,5,/groups/itay_mayrose/tomulanovski/gene2net/simulations/networks/Morales-Briones_2021.tre,/groups/itay_mayrose/tomulanovski/gene2net/simulations/simulations/Morales-Briones_2021/results/conf_ils_high_10M/mpsugar/replicate_5/mpsugar_result.tre,True,False,0
Soza_2014,conf_ils_high_10M,mpsugar,1,/groups/itay_mayrose/tomulanovski/gene2net/simulations/networks/Soza_2014.tre,/groups/itay_mayrose/tomulanovski/gene2net/simulations/simulations/Soza_2014/results/conf_ils_high_10M/mpsugar/replicate_1/mpsugar_result.tre,True,False,0
Soza_2014,conf_ils_high_10M,mpsugar,2,/groups/itay_mayrose/tomulanovski/gene2net/simulations/networks/Soza_2014.tre,/groups/itay_mayrose/tomulanovski/gene2net/simulations/simulations/Soza_2014/results/conf_ils_high_10M/mpsugar/replicate_2/mpsugar_result.tre,True,False,0
Soza_2014,conf_ils_high_10M,mpsugar,3,/groups/itay_mayrose/tomulanovski/gene2net/simulations/networks/Soza_2014.tre,/groups/itay_mayrose/tomulanovski/gene2net/simulations/simulations/Soza_2014/results/conf_ils_high_10M/mpsugar/replicate_3/mpsugar_result.tre,True,False,0
Soza_2014,conf_ils_high_10M,mpsugar,4,/groups/itay_mayrose/tomulanovski/gene2net/simulations/networks/Soza_2014.tre,/groups/itay_mayrose/tomulanovski/gene2net/simulations/simulations/Soza_2014/results/conf_ils_high_10M/mpsugar/replicate_4/mpsugar_result.tre,True,False,0
Soza_2014,conf_ils_high_10M,mpsugar,5,/groups/itay_mayrose/tomulanovski/gene2net/simulations/networks/Soza_2014.tre,/groups/itay_mayrose/tomulanovski/gene2net/simulations/simulations/Soza_2014/results/conf_ils_high_10M/mpsugar/replicate_5/mpsugar_result.tre,True,False,0
Bendiksby_2011,conf_ils_high_10M,padre,1,/groups/itay_mayrose/tomulanovski/gene2net/simulations/networks/Bendiksby_2011.tre,/groups/itay_mayrose/tomulanovski/gene2net/simulations/simulations/Bendiksby_2011/results/conf_ils_high_10M/padre/replicate_1/padre_result.tre,True,False,0
Bendiksby_2011,conf_ils_high_10M,padre,2,/groups/itay_mayrose/tomulanovski/gene2net/simulations/networks/Bendiksby_2011.tre,/groups/itay_mayrose/tomulanovski/gene2net/simulations/simulations/Bendiksby_2011/results/conf_ils_high_10M/padre/replicate_2/padre_result.tre,True,False,0
Bendiksby_2011,conf_ils_high_10M,padre,3,/groups/itay_mayrose/tomulanovski/gene2net/simulations/networks/Bendiksby_2011.tre,/groups/itay_mayrose/tomulanovski/gene2net/simulations/simulations/Bendiksby_2011/results/conf_ils_high_10M/padre/replicate_3/padre_result.tre,True,False,0
Bendiksby_2011,conf_ils_high_10M,padre,4,/groups/itay_mayrose/tomulanovski/gene2net/simulations/networks/Bendiksby_2011.tre,/groups/itay_mayrose/tomulanovski/gene2net/simulations/simulations/Bendiksby_2011/results/conf_ils_high_10M/padre/replicate_4/padre_result.tre,True,False,0
Bendiksby_2011,conf_ils_high_10M,padre,5,/groups/itay_mayrose/tomulanovski/gene2net/simulations/networks/Bendiksby_2011.tre,/groups/itay_mayrose/tomulanovski/gene2net/simulations/simulations/Bendiksby_2011/results/conf_ils_high_10M/padre/replicate_5/padre_result.tre,True,False,0
Koenen_2020,conf_ils_high_10M,padre,1,/groups/itay_mayrose/tomulanovski/gene2net/simulations/networks/Koenen_2020.tre,/groups/itay_mayrose/tomulanovski/gene2net/simulations/simulations/Koenen_2020/results/conf_ils_high_10M/padre/replicate_1/padre_result.tre,True,False,0
Koenen_2020,conf_ils_high_10M,padre,2,/groups/itay_mayrose/tomulanovski/gene2net/simulations/networks/Koenen_2020.tre,/groups/itay_mayrose/tomulanovski/gene2net/simulations/simulations/Koenen_2020/results/conf_ils_high_10M/padre/replicate_2/padre_result.tre,True,False,0
Koenen_2020,conf_ils_high_10M,padre,3,/groups/itay_mayrose/tomulanovski/gene2net/simulations/networks/Koenen_2020.tre,/groups/itay_mayrose/tomulanovski/gene2net/simulations/simulations/Koenen_2020/results/conf_ils_high_10M/padre/replicate_3/padre_result.tre,True,False,0
Koenen_2020,conf_ils_high_10M,padre,4,/groups/itay_mayrose/tomulanovski/gene2net/simulations/networks/Koenen_2020.tre,/groups/itay_mayrose/tomulanovski/gene2net/simulations/simulations/Koenen_2020/results/conf_ils_high_10M/padre/replicate_4/padre_result.tre,True,False,0
Koenen_2020,conf_ils_high_10M,padre,5,/groups/itay_mayrose/tomulanovski/gene2net/simulations/networks/Koenen_2020.tre,/groups/itay_mayrose/tomulanovski/gene2net/simulations/simulations/Koenen_2020/results/conf_ils_high_10M/padre/replicate_5/padre_result.tre,True,False,0
Brysting_2007,conf_ils_high_10M,padre,1,/groups/itay_mayrose/tomulanovski/gene2net/simulations/networks/Brysting_2007.tre,/groups/itay_mayrose/tomulanovski/gene2net/simulations/simulations/Brysting_2007/results/conf_ils_high_10M/padre/replicate_1/padre_result.tre,True,False,0
Brysting_2007,conf_ils_high_10M,padre,2,/groups/itay_mayrose/tomulanovski/gene2net/simulations/networks/Brysting_2007.tre,/groups/itay_mayrose/tomulanovski/gene2net/simulations/simulations/Brysting_2007/results/conf_ils_high_10M/padre/replicate_2/padre_result.tre,True,False,0
Brysting_2007,conf_ils_high_10M,padre,3,/groups/itay_mayrose/tomulanovski/gene2net/simulations/networks/Brysting_2007.tre,/groups/itay_mayrose/tomulanovski/gene2net/simulations/simulations/Brysting_2007/results/conf_ils_high_10M/padre/replicate_3/padre_result.tre,True,False,0
Brysting_2007,conf_ils_high_10M,padre,4,/groups/itay_mayrose/tomulanovski/gene2net/simulations/networks/Brysting_2007.tre,/groups/itay_mayrose/tomulanovski/gene2net/simulations/simulations/Brysting_2007/results/conf_ils_high_10M/padre/replicate_4/padre_result.tre,True,False,0
Brysting_2007,conf_ils_high_10M,padre,5,/groups/itay_mayrose/tomulanovski/gene2net/simulations/networks/Brysting_2007.tre,/groups/itay_mayrose/tomulanovski/gene2net/simulations/simulations/Brysting_2007/results/conf_ils_high_10M/padre/replicate_5/padre_result.tre,True,False,0
Lawrence_2016,conf_ils_high_10M,padre,1,/groups/itay_mayrose/tomulanovski/gene2net/simulations/networks/Lawrence_2016.tre,/groups/itay_mayrose/tomulanovski/gene2net/simulations/simulations/Lawrence_2016/results/conf_ils_high_10M/padre/replicate_1/padre_result.tre,True,False,0
Lawrence_2016,conf_ils_high_10M,padre,2,/groups/itay_mayrose/tomulanovski/gene2net/simulations/networks/Lawrence_2016.tre,/groups/itay_mayrose/tomulanovski/gene2net/simulations/simulations/Lawrence_2016/results/conf_ils_high_10M/padre/replicate_2/padre_result.tre,True,False,0
Lawrence_2016,conf_ils_high_10M,padre,3,/groups/itay_mayrose/tomulanovski/gene2net/simulations/networks/Lawrence_2016.tre,/groups/itay_mayrose/tomulanovski/gene2net/simulations/simulations/Lawrence_2016/results/conf_ils_high_10M/padre/replicate_3/padre_result.tre,True,False,0
Lawrence_2016,conf_ils_high_10M,padre,4,/groups/itay_mayrose/tomulanovski/gene2net/simulations/networks/Lawrence_2016.tre,/groups/itay_mayrose/tomulanovski/gene2net/simulations/simulations/Lawrence_2016/results/conf_ils_high_10M/padre/replicate_4/padre_result.tre,True,False,0
Lawrence_2016,conf_ils_high_10M,padre,5,/groups/itay_mayrose/tomulanovski/gene2net/simulations/networks/Lawrence_2016.tre,/groups/itay_mayrose/tomulanovski/gene2net/simulations/simulations/Lawrence_2016/results/conf_ils_high_10M/padre/replicate_5/padre_result.tre,True,False,0
Diaz-Perez_2018,conf_ils_high_10M,padre,1,/groups/itay_mayrose/tomulanovski/gene2net/simulations/networks/Diaz-Perez_2018.tre,/groups/itay_mayrose/tomulanovski/gene2net/simulations/simulations/Diaz-Perez_2018/results/conf_ils_high_10M/padre/replicate_1/padre_result.tre,True,False,0
Diaz-Perez_2018,conf_ils_high_10M,padre,2,/groups/itay_mayrose/tomulanovski/gene2net/simulations/networks/Diaz-Perez_2018.tre,/groups/itay_mayrose/tomulanovski/gene2net/simulations/simulations/Diaz-Perez_2018/results/conf_ils_high_10M/padre/replicate_2/padre_result.tre,True,False,0
Diaz-Perez_2018,conf_ils_high_10M,padre,3,/groups/itay_mayrose/tomulanovski/gene2net/simulations/networks/Diaz-Perez_2018.tre,/groups/itay_mayrose/tomulanovski/gene2net/simulations/simulations/Diaz-Perez_2018/results/conf_ils_high_10M/padre/replicate_3/padre_result.tre,True,False,0
Diaz-Perez_2018,conf_ils_high_10M,padre,4,/groups/itay_mayrose/tomulanovski/gene2net/simulations/networks/Diaz-Perez_2018.tre,/groups/itay_mayrose/tomulanovski/gene2net/simulations/simulations/Diaz-Perez_2018/results/conf_ils_high_10M/padre/replicate_4/padre_result.tre,True,False,0
Diaz-Perez_2018,conf_ils_high_10M,padre,5,/groups/itay_mayrose/tomulanovski/gene2net/simulations/networks/Diaz-Perez_2018.tre,/groups/itay_mayrose/tomulanovski/gene2net/simulations/simulations/Diaz-Perez_2018/results/conf_ils_high_10M/padre/replicate_5/padre_result.tre,True,False,0
Wisecaver_2023,conf_ils_high_10M,padre,1,/groups/itay_mayrose/tomulanovski/gene2net/simulations/networks/Wisecaver_2023.tre,/groups/itay_mayrose/tomulanovski/gene2net/simulations/simulations/Wisecaver_2023/results/conf_ils_high_10M/padre/replicate_1/padre_result.tre,True,False,0
Wisecaver_2023,conf_ils_high_10M,padre,2,/groups/itay_mayrose/tomulanovski/gene2net/simulations/networks/Wisecaver_2023.tre,/groups/itay_mayrose/tomulanovski/gene2net/simulations/simulations/Wisecaver_2023/results/conf_ils_high_10M/padre/replicate_2/padre_result.tre,True,False,0
Wisecaver_2023,conf_ils_high_10M,padre,3,/groups/itay_mayrose/tomulanovski/gene2net/simulations/networks/Wisecaver_2023.tre,/groups/itay_mayrose/tomulanovski/gene2net/simulations/simulations/Wisecaver_2023/results/conf_ils_high_10M/padre/replicate_3/padre_result.tre,True,False,0
Wisecaver_2023,conf_ils_high_10M,padre,4,/groups/itay_mayrose/tomulanovski/gene2net/simulations/networks/Wisecaver_2023.tre,/groups/itay_mayrose/tomulanovski/gene2net/simulations/simulations/Wisecaver_2023/results/conf_ils_high_10M/padre/replicate_4/padre_result.tre,True,False,0
Wisecaver_2023,conf_ils_high_10M,padre,5,/groups/itay_mayrose/tomulanovski/gene2net/simulations/networks/Wisecaver_2023.tre,/groups/itay_mayrose/tomulanovski/gene2net/simulations/simulations/Wisecaver_2023/results/conf_ils_high_10M/padre/replicate_5/padre_result.tre,True,False,0
Ding_2023,conf_ils_high_10M,padre,1,/groups/itay_mayrose/tomulanovski/gene2net/simulations/networks/Ding_2023.tre,/groups/itay_mayrose/tomulanovski/gene2net/simulations/simulations/Ding_2023/results/conf_ils_high_10M/padre/replicate_1/padre_result.tre,True,False,0
Ding_2023,conf_ils_high_10M,padre,2,/groups/itay_mayrose/tomulanovski/gene2net/simulations/networks/Ding_2023.tre,/groups/itay_mayrose/tomulanovski/gene2net/simulations/simulations/Ding_2023/results/conf_ils_high_10M/padre/replicate_2/padre_result.tre,True,False,0
Ding_2023,conf_ils_high_10M,padre,3,/groups/itay_mayrose/tomulanovski/gene2net/simulations/networks/Ding_2023.tre,/groups/itay_mayrose/tomulanovski/gene2net/simulations/simulations/Ding_2023/results/conf_ils_high_10M/padre/replicate_3/padre_result.tre,True,False,0
Ding_2023,conf_ils_high_10M,padre,4,/groups/itay_mayrose/tomulanovski/gene2net/simulations/networks/Ding_2023.tre,/groups/itay_mayrose/tomulanovski/gene2net/simulations/simulations/Ding_2023/results/conf_ils_high_10M/padre/replicate_4/padre_result.tre,True,False,0
Ding_2023,conf_ils_high_10M,padre,5,/groups/itay_mayrose/tomulanovski/gene2net/simulations/networks/Ding_2023.tre,/groups/itay_mayrose/tomulanovski/gene2net/simulations/simulations/Ding_2023/results/conf_ils_high_10M/padre/replicate_5/padre_result.tre,True,False,0
Liang_2019,conf_ils_high_10M,padre,1,/groups/itay_mayrose/tomulanovski/gene2net/simulations/networks/Liang_2019.tre,/groups/itay_mayrose/tomulanovski/gene2net/simulations/simulations/Liang_2019/results/conf_ils_high_10M/padre/replicate_1/padre_result.tre,True,False,0
Liang_2019,conf_ils_high_10M,padre,2,/groups/itay_mayrose/tomulanovski/gene2net/simulations/networks/Liang_2019.tre,/groups/itay_mayrose/tomulanovski/gene2net/simulations/simulations/Liang_2019/results/conf_ils_high_10M/padre/replicate_2/padre_result.tre,True,False,0
Liang_2019,conf_ils_high_10M,padre,3,/groups/itay_mayrose/tomulanovski/gene2net/simulations/networks/Liang_2019.tre,/groups/itay_mayrose/tomulanovski/gene2net/simulations/simulations/Liang_2019/results/conf_ils_high_10M/padre/replicate_3/padre_result.tre,True,False,0
Liang_2019,conf_ils_high_10M,padre,4,/groups/itay_mayrose/tomulanovski/gene2net/simulations/networks/Liang_2019.tre,/groups/itay_mayrose/tomulanovski/gene2net/simulations/simulations/Liang_2019/results/conf_ils_high_10M/padre/replicate_4/padre_result.tre,True,False,0
Liang_2019,conf_ils_high_10M,padre,5,/groups/itay_mayrose/tomulanovski/gene2net/simulations/networks/Liang_2019.tre,/groups/itay_mayrose/tomulanovski/gene2net/simulations/simulations/Liang_2019/results/conf_ils_high_10M/padre/replicate_5/padre_result.tre,True,False,0
Popp_2005,conf_ils_high_10M,padre,1,/groups/itay_mayrose/tomulanovski/gene2net/simulations/networks/Popp_2005.tre,/groups/itay_mayrose/tomulanovski/gene2net/simulations/simulations/Popp_2005/results/conf_ils_high_10M/padre/replicate_1/padre_result.tre,True,False,0
Popp_2005,conf_ils_high_10M,padre,2,/groups/itay_mayrose/tomulanovski/gene2net/simulations/networks/Popp_2005.tre,/groups/itay_mayrose/tomulanovski/gene2net/simulations/simulations/Popp_2005/results/conf_ils_high_10M/padre/replicate_2/padre_result.tre,True,False,0
Popp_2005,conf_ils_high_10M,padre,3,/groups/itay_mayrose/tomulanovski/gene2net/simulations/networks/Popp_2005.tre,/groups/itay_mayrose/tomulanovski/gene2net/simulations/simulations/Popp_2005/results/conf_ils_high_10M/padre/replicate_3/padre_result.tre,True,False,0
Popp_2005,conf_ils_high_10M,padre,4,/groups/itay_mayrose/tomulanovski/gene2net/simulations/networks/Popp_2005.tre,/groups/itay_mayrose/tomulanovski/gene2net/simulations/simulations/Popp_2005/results/conf_ils_high_10M/padre/replicate_4/padre_result.tre,True,False,0
Popp_2005,conf_ils_high_10M,padre,5,/groups/itay_mayrose/tomulanovski/gene2net/simulations/networks/Popp_2005.tre,/groups/itay_mayrose/tomulanovski/gene2net/simulations/simulations/Popp_2005/results/conf_ils_high_10M/padre/replicate_5/padre_result.tre,True,False,0
Wu_2015,conf_ils_high_10M,padre,1,/groups/itay_mayrose/tomulanovski/gene2net/simulations/networks/Wu_2015.tre,/groups/itay_mayrose/tomulanovski/gene2net/simulations/simulations/Wu_2015/results/conf_ils_high_10M/padre/replicate_1/padre_result.tre,True,False,0
Wu_2015,conf_ils_high_10M,padre,2,/groups/itay_mayrose/tomulanovski/gene2net/simulations/networks/Wu_2015.tre,/groups/itay_mayrose/tomulanovski/gene2net/simulations/simulations/Wu_2015/results/conf_ils_high_10M/padre/replicate_2/padre_result.tre,True,False,0
Wu_2015,conf_ils_high_10M,padre,3,/groups/itay_mayrose/tomulanovski/gene2net/simulations/networks/Wu_2015.tre,/groups/itay_mayrose/tomulanovski/gene2net/simulations/simulations/Wu_2015/results/conf_ils_high_10M/padre/replicate_3/padre_result.tre,True,False,0
Wu_2015,conf_ils_high_10M,padre,4,/groups/itay_mayrose/tomulanovski/gene2net/simulations/networks/Wu_2015.tre,/groups/itay_mayrose/tomulanovski/gene2net/simulations/simulations/Wu_2015/results/conf_ils_high_10M/padre/replicate_4/padre_result.tre,True,False,0
Wu_2015,conf_ils_high_10M,padre,5,/groups/itay_mayrose/tomulanovski/gene2net/simulations/networks/Wu_2015.tre,/groups/itay_mayrose/tomulanovski/gene2net/simulations/simulations/Wu_2015/results/conf_ils_high_10M/padre/replicate_5/padre_result.tre,True,False,0
Liu_2023,conf_ils_high_10M,padre,1,/groups/itay_mayrose/tomulanovski/gene2net/simulations/networks/Liu_2023.tre,/groups/itay_mayrose/tomulanovski/gene2net/simulations/simulations/Liu_2023/results/conf_ils_high_10M/padre/replicate_1/padre_result.tre,True,False,0
Liu_2023,conf_ils_high_10M,padre,2,/groups/itay_mayrose/tomulanovski/gene2net/simulations/networks/Liu_2023.tre,/groups/itay_mayrose/tomulanovski/gene2net/simulations/simulations/Liu_2023/results/conf_ils_high_10M/padre/replicate_2/padre_result.tre,True,False,0
Liu_2023,conf_ils_high_10M,padre,3,/groups/itay_mayrose/tomulanovski/gene2net/simulations/networks/Liu_2023.tre,/groups/itay_mayrose/tomulanovski/gene2net/simulations/simulations/Liu_2023/results/conf_ils_high_10M/padre/replicate_3/padre_result.tre,True,False,0
Liu_2023,conf_ils_high_10M,padre,4,/groups/itay_mayrose/tomulanovski/gene2net/simulations/networks/Liu_2023.tre,/groups/itay_mayrose/tomulanovski/gene2net/simulations/simulations/Liu_2023/results/conf_ils_high_10M/padre/replicate_4/padre_result.tre,True,False,0
Liu_2023,conf_ils_high_10M,padre,5,/groups/itay_mayrose/tomulanovski/gene2net/simulations/networks/Liu_2023.tre,/groups/itay_mayrose/tomulanovski/gene2net/simulations/simulations/Liu_2023/results/conf_ils_high_10M/padre/replicate_5/padre_result.tre,True,False,0
Ren_2024,conf_ils_high_10M,padre,1,/groups/itay_mayrose/tomulanovski/gene2net/simulations/networks/Ren_2024.tre,/groups/itay_mayrose/tomulanovski/gene2net/simulations/simulations/Ren_2024/results/conf_ils_high_10M/padre/replicate_1/padre_result.tre,True,False,0
Ren_2024,conf_ils_high_10M,padre,2,/groups/itay_mayrose/tomulanovski/gene2net/simulations/networks/Ren_2024.tre,/groups/itay_mayrose/tomulanovski/gene2net/simulations/simulations/Ren_2024/results/conf_ils_high_10M/padre/replicate_2/padre_result.tre,True,False,0
Ren_2024,conf_ils_high_10M,padre,3,/groups/itay_mayrose/tomulanovski/gene2net/simulations/networks/Ren_2024.tre,/groups/itay_mayrose/tomulanovski/gene2net/simulations/simulations/Ren_2024/results/conf_ils_high_10M/padre/replicate_3/padre_result.tre,True,False,0
Ren_2024,conf_ils_high_10M,padre,4,/groups/itay_mayrose/tomulanovski/gene2net/simulations/networks/Ren_2024.tre,/groups/itay_mayrose/tomulanovski/gene2net/simulations/simulations/Ren_2024/results/conf_ils_high_10M/padre/replicate_4/padre_result.tre,True,False,0
Ren_2024,conf_ils_high_10M,padre,5,/groups/itay_mayrose/tomulanovski/gene2net/simulations/networks/Ren_2024.tre,/groups/itay_mayrose/tomulanovski/gene2net/simulations/simulations/Ren_2024/results/conf_ils_high_10M/padre/replicate_5/padre_result.tre,True,False,0
Marcussen_2011,conf_ils_high_10M,padre,1,/groups/itay_mayrose/tomulanovski/gene2net/simulations/networks/Marcussen_2011.tre,/groups/itay_mayrose/tomulanovski/gene2net/simulations/simulations/Marcussen_2011/results/conf_ils_high_10M/padre/replicate_1/padre_result.tre,True,False,0
Marcussen_2011,conf_ils_high_10M,padre,2,/groups/itay_mayrose/tomulanovski/gene2net/simulations/networks/Marcussen_2011.tre,/groups/itay_mayrose/tomulanovski/gene2net/simulations/simulations/Marcussen_2011/results/conf_ils_high_10M/padre/replicate_2/padre_result.tre,True,False,0
Marcussen_2011,conf_ils_high_10M,padre,3,/groups/itay_mayrose/tomulanovski/gene2net/simulations/networks/Marcussen_2011.tre,/groups/itay_mayrose/tomulanovski/gene2net/simulations/simulations/Marcussen_2011/results/conf_ils_high_10M/padre/replicate_3/padre_result.tre,True,False,0
Marcussen_2011,conf_ils_high_10M,padre,4,/groups/itay_mayrose/tomulanovski/gene2net/simulations/networks/Marcussen_2011.tre,/groups/itay_mayrose/tomulanovski/gene2net/simulations/simulations/Marcussen_2011/results/conf_ils_high_10M/padre/replicate_4/padre_result.tre,True,False,0
Marcussen_2011,conf_ils_high_10M,padre,5,/groups/itay_mayrose/tomulanovski/gene2net/simulations/networks/Marcussen_2011.tre,/groups/itay_mayrose/tomulanovski/gene2net/simulations/simulations/Marcussen_2011/results/conf_ils_high_10M/padre/replicate_5/padre_result.tre,True,False,0
Marcussen_2012,conf_ils_high_10M,padre,1,/groups/itay_mayrose/tomulanovski/gene2net/simulations/networks/Marcussen_2012.tre,/groups/itay_mayrose/tomulanovski/gene2net/simulations/simulations/Marcussen_2012/results/conf_ils_high_10M/padre/replicate_1/padre_result.tre,True,False,0
Marcussen_2012,conf_ils_high_10M,padre,2,/groups/itay_mayrose/tomulanovski/gene2net/simulations/networks/Marcussen_2012.tre,/groups/itay_mayrose/tomulanovski/gene2net/simulations/simulations/Marcussen_2012/results/conf_ils_high_10M/padre/replicate_2/padre_result.tre,True,False,0
Marcussen_2012,conf_ils_high_10M,padre,3,/groups/itay_mayrose/tomulanovski/gene2net/simulations/networks/Marcussen_2012.tre,/groups/itay_mayrose/tomulanovski/gene2net/simulations/simulations/Marcussen_2012/results/conf_ils_high_10M/padre/replicate_3/padre_result.tre,True,False,0
Marcussen_2012,conf_ils_high_10M,padre,4,/groups/itay_mayrose/tomulanovski/gene2net/simulations/networks/Marcussen_2012.tre,/groups/itay_mayrose/tomulanovski/gene2net/simulations/simulations/Marcussen_2012/results/conf_ils_high_10M/padre/replicate_4/padre_result.tre,True,False,0
Marcussen_2012,conf_ils_high_10M,padre,5,/groups/itay_mayrose/tomulanovski/gene2net/simulations/networks/Marcussen_2012.tre,/groups/itay_mayrose/tomulanovski/gene2net/simulations/simulations/Marcussen_2012/results/conf_ils_high_10M/padre/replicate_5/padre_result.tre,True,False,0
Sessa_2012b,conf_ils_high_10M,padre,1,/groups/itay_mayrose/tomulanovski/gene2net/simulations/networks/Sessa_2012b.tre,/groups/itay_mayrose/tomulanovski/gene2net/simulations/simulations/Sessa_2012b/results/conf_ils_high_10M/padre/replicate_1/padre_result.tre,True,False,0
Sessa_2012b,conf_ils_high_10M,padre,2,/groups/itay_mayrose/tomulanovski/gene2net/simulations/networks/Sessa_2012b.tre,/groups/itay_mayrose/tomulanovski/gene2net/simulations/simulations/Sessa_2012b/results/conf_ils_high_10M/padre/replicate_2/padre_result.tre,True,False,0
Sessa_2012b,conf_ils_high_10M,padre,3,/groups/itay_mayrose/tomulanovski/gene2net/simulations/networks/Sessa_2012b.tre,/groups/itay_mayrose/tomulanovski/gene2net/simulations/simulations/Sessa_2012b/results/conf_ils_high_10M/padre/replicate_3/padre_result.tre,True,False,0
Sessa_2012b,conf_ils_high_10M,padre,4,/groups/itay_mayrose/tomulanovski/gene2net/simulations/networks/Sessa_2012b.tre,/groups/itay_mayrose/tomulanovski/gene2net/simulations/simulations/Sessa_2012b/results/conf_ils_high_10M/padre/replicate_4/padre_result.tre,True,False,0
Sessa_2012b,conf_ils_high_10M,padre,5,/groups/itay_mayrose/tomulanovski/gene2net/simulations/networks/Sessa_2012b.tre,/groups/itay_mayrose/tomulanovski/gene2net/simulations/simulations/Sessa_2012b/results/conf_ils_high_10M/padre/replicate_5/padre_result.tre,True,False,0
Zhao_2021,conf_ils_high_10M,padre,1,/groups/itay_mayrose/tomulanovski/gene2net/simulations/networks/Zhao_2021.tre,/groups/itay_mayrose/tomulanovski/gene2net/simulations/simulations/Zhao_2021/results/conf_ils_high_10M/padre/replicate_1/padre_result.tre,True,False,0
Zhao_2021,conf_ils_high_10M,padre,2,/groups/itay_mayrose/tomulanovski/gene2net/simulations/networks/Zhao_2021.tre,/groups/itay_mayrose/tomulanovski/gene2net/simulations/simulations/Zhao_2021/results/conf_ils_high_10M/padre/replicate_2/padre_result.tre,True,False,0
Zhao_2021,conf_ils_high_10M,padre,3,/groups/itay_mayrose/tomulanovski/gene2net/simulations/networks/Zhao_2021.tre,/groups/itay_mayrose/tomulanovski/gene2net/simulations/simulations/Zhao_2021/results/conf_ils_high_10M/padre/replicate_3/padre_result.tre,True,False,0
Zhao_2021,conf_ils_high_10M,padre,4,/groups/itay_mayrose/tomulanovski/gene2net/simulations/networks/Zhao_2021.tre,/groups/itay_mayrose/tomulanovski/gene2net/simulations/simulations/Zhao_2021/results/conf_ils_high_10M/padre/replicate_4/padre_result.tre,True,False,0
Zhao_2021,conf_ils_high_10M,padre,5,/groups/itay_mayrose/tomulanovski/gene2net/simulations/networks/Zhao_2021.tre,/groups/itay_mayrose/tomulanovski/gene2net/simulations/simulations/Zhao_2021/results/conf_ils_high_10M/padre/replicate_5/padre_result.tre,True,False,0
Hori_2014,conf_ils_high_10M,padre,1,/groups/itay_mayrose/tomulanovski/gene2net/simulations/networks/Hori_2014.tre,/groups/itay_mayrose/tomulanovski/gene2net/simulations/simulations/Hori_2014/results/conf_ils_high_10M/padre/replicate_1/padre_result.tre,True,False,0
Hori_2014,conf_ils_high_10M,padre,2,/groups/itay_mayrose/tomulanovski/gene2net/simulations/networks/Hori_2014.tre,/groups/itay_mayrose/tomulanovski/gene2net/simulations/simulations/Hori_2014/results/conf_ils_high_10M/padre/replicate_2/padre_result.tre,True,False,0
Hori_2014,conf_ils_high_10M,padre,3,/groups/itay_mayrose/tomulanovski/gene2net/simulations/networks/Hori_2014.tre,/groups/itay_mayrose/tomulanovski/gene2net/simulations/simulations/Hori_2014/results/conf_ils_high_10M/padre/replicate_3/padre_result.tre,True,False,0
Hori_2014,conf_ils_high_10M,padre,4,/groups/itay_mayrose/tomulanovski/gene2net/simulations/networks/Hori_2014.tre,/groups/itay_mayrose/tomulanovski/gene2net/simulations/simulations/Hori_2014/results/conf_ils_high_10M/padre/replicate_4/padre_result.tre,True,False,0
Hori_2014,conf_ils_high_10M,padre,5,/groups/itay_mayrose/tomulanovski/gene2net/simulations/networks/Hori_2014.tre,/groups/itay_mayrose/tomulanovski/gene2net/simulations/simulations/Hori_2014/results/conf_ils_high_10M/padre/replicate_5/padre_result.tre,True,False,0
Marcussen_2015,conf_ils_high_10M,padre,1,/groups/itay_mayrose/tomulanovski/gene2net/simulations/networks/Marcussen_2015.tre,/groups/itay_mayrose/tomulanovski/gene2net/simulations/simulations/Marcussen_2015/results/conf_ils_high_10M/padre/replicate_1/padre_result.tre,True,False,0
Marcussen_2015,conf_ils_high_10M,padre,2,/groups/itay_mayrose/tomulanovski/gene2net/simulations/networks/Marcussen_2015.tre,/groups/itay_mayrose/tomulanovski/gene2net/simulations/simulations/Marcussen_2015/results/conf_ils_high_10M/padre/replicate_2/padre_result.tre,True,False,0
Marcussen_2015,conf_ils_high_10M,padre,3,/groups/itay_mayrose/tomulanovski/gene2net/simulations/networks/Marcussen_2015.tre,/groups/itay_mayrose/tomulanovski/gene2net/simulations/simulations/Marcussen_2015/results/conf_ils_high_10M/padre/replicate_3/padre_result.tre,True,False,0
Marcussen_2015,conf_ils_high_10M,padre,4,/groups/itay_mayrose/tomulanovski/gene2net/simulations/networks/Marcussen_2015.tre,/groups/itay_mayrose/tomulanovski/gene2net/simulations/simulations/Marcussen_2015/results/conf_ils_high_10M/padre/replicate_4/padre_result.tre,True,False,0
Marcussen_2015,conf_ils_high_10M,padre,5,/groups/itay_mayrose/tomulanovski/gene2net/simulations/networks/Marcussen_2015.tre,/groups/itay_mayrose/tomulanovski/gene2net/simulations/simulations/Marcussen_2015/results/conf_ils_high_10M/padre/replicate_5/padre_result.tre,True,False,0
Shahrestani_2015,conf_ils_high_10M,padre,1,/groups/itay_mayrose/tomulanovski/gene2net/simulations/networks/Shahrestani_2015.tre,/groups/itay_mayrose/tomulanovski/gene2net/simulations/simulations/Shahrestani_2015/results/conf_ils_high_10M/padre/replicate_1/padre_result.tre,True,False,0
Shahrestani_2015,conf_ils_high_10M,padre,2,/groups/itay_mayrose/tomulanovski/gene2net/simulations/networks/Shahrestani_2015.tre,/groups/itay_mayrose/tomulanovski/gene2net/simulations/simulations/Shahrestani_2015/results/conf_ils_high_10M/padre/replicate_2/padre_result.tre,True,False,0
Shahrestani_2015,conf_ils_high_10M,padre,3,/groups/itay_mayrose/tomulanovski/gene2net/simulations/networks/Shahrestani_2015.tre,/groups/itay_mayrose/tomulanovski/gene2net/simulations/simulations/Shahrestani_2015/results/conf_ils_high_10M/padre/replicate_3/padre_result.tre,True,False,0
Shahrestani_2015,conf_ils_high_10M,padre,4,/groups/itay_mayrose/tomulanovski/gene2net/simulations/networks/Shahrestani_2015.tre,/groups/itay_mayrose/tomulanovski/gene2net/simulations/simulations/Shahrestani_2015/results/conf_ils_high_10M/padre/replicate_4/padre_result.tre,True,False,0
Shahrestani_2015,conf_ils_high_10M,padre,5,/groups/itay_mayrose/tomulanovski/gene2net/simulations/networks/Shahrestani_2015.tre,/groups/itay_mayrose/tomulanovski/gene2net/simulations/simulations/Shahrestani_2015/results/conf_ils_high_10M/padre/replicate_5/padre_result.tre,True,False,0
Morales-Briones_2021,conf_ils_high_10M,padre,1,/groups/itay_mayrose/tomulanovski/gene2net/simulations/networks/Morales-Briones_2021.tre,/groups/itay_mayrose/tomulanovski/gene2net/simulations/simulations/Morales-Briones_2021/results/conf_ils_high_10M/padre/replicate_1/padre_result.tre,True,False,0
Morales-Briones_2021,conf_ils_high_10M,padre,2,/groups/itay_mayrose/tomulanovski/gene2net/simulations/networks/Morales-Briones_2021.tre,/groups/itay_mayrose/tomulanovski/gene2net/simulations/simulations/Morales-Briones_2021/results/conf_ils_high_10M/padre/replicate_2/padre_result.tre,True,False,0
Morales-Briones_2021,conf_ils_high_10M,padre,3,/groups/itay_mayrose/tomulanovski/gene2net/simulations/networks/Morales-Briones_2021.tre,/groups/itay_mayrose/tomulanovski/gene2net/simulations/simulations/Morales-Briones_2021/results/conf_ils_high_10M/padre/replicate_3/padre_result.tre,True,False,0
Morales-Briones_2021,conf_ils_high_10M,padre,4,/groups/itay_mayrose/tomulanovski/gene2net/simulations/networks/Morales-Briones_2021.tre,/groups/itay_mayrose/tomulanovski/gene2net/simulations/simulations/Morales-Briones_2021/results/conf_ils_high_10M/padre/replicate_4/padre_result.tre,True,False,0
Morales-Briones_2021,conf_ils_high_10M,padre,5,/groups/itay_mayrose/tomulanovski/gene2net/simulations/networks/Morales-Briones_2021.tre,/groups/itay_mayrose/tomulanovski/gene2net/simulations/simulations/Morales-Briones_2021/results/conf_ils_high_10M/padre/replicate_5/padre_result.tre,True,False,0
Soza_2014,conf_ils_high_10M,padre,1,/groups/itay_mayrose/tomulanovski/gene2net/simulations/networks/Soza_2014.tre,/groups/itay_mayrose/tomulanovski/gene2net/simulations/simulations/Soza_2014/results/conf_ils_high_10M/padre/replicate_1/padre_result.tre,True,False,0
Soza_2014,conf_ils_high_10M,padre,2,/groups/itay_mayrose/tomulanovski/gene2net/simulations/networks/Soza_2014.tre,/groups/itay_mayrose/tomulanovski/gene2net/simulations/simulations/Soza_2014/results/conf_ils_high_10M/padre/replicate_2/padre_result.tre,True,False,0
Soza_2014,conf_ils_high_10M,padre,3,/groups/itay_mayrose/tomulanovski/gene2net/simulations/networks/Soza_2014.tre,/groups/itay_mayrose/tomulanovski/gene2net/simulations/simulations/Soza_2014/results/conf_ils_high_10M/padre/replicate_3/padre_result.tre,True,False,0
Soza_2014,conf_ils_high_10M,padre,4,/groups/itay_mayrose/tomulanovski/gene2net/simulations/networks/Soza_2014.tre,/groups/itay_mayrose/tomulanovski/gene2net/simulations/simulations/Soza_2014/results/conf_ils_high_10M/padre/replicate_4/padre_result.tre,True,False,0
Soza_2014,conf_ils_high_10M,padre,5,/groups/itay_mayrose/tomulanovski/gene2net/simulations/networks/Soza_2014.tre,/groups/itay_mayrose/tomulanovski/gene2net/simulations/simulations/Soza_2014/results/conf_ils_high_10M/padre/replicate_5/padre_result.tre,True,False,0
Bendiksby_2011,conf_ils_high_10M,alloppnet,1,/groups/itay_mayrose/tomulanovski/gene2net/simulations/networks/Bendiksby_2011.tre,/groups/itay_mayrose/tomulanovski/gene2net/simulations/simulations/Bendiksby_2011/results/conf_ils_high_10M/alloppnet/replicate_1/alloppnet_result.tre,True,True,1082
Bendiksby_2011,conf_ils_high_10M,alloppnet,2,/groups/itay_mayrose/tomulanovski/gene2net/simulations/networks/Bendiksby_2011.tre,/groups/itay_mayrose/tomulanovski/gene2net/simulations/simulations/Bendiksby_2011/results/conf_ils_high_10M/alloppnet/replicate_2/alloppnet_result.tre,True,True,1082
Bendiksby_2011,conf_ils_high_10M,alloppnet,3,/groups/itay_mayrose/tomulanovski/gene2net/simulations/networks/Bendiksby_2011.tre,/groups/itay_mayrose/tomulanovski/gene2net/simulations/simulations/Bendiksby_2011/results/conf_ils_high_10M/alloppnet/replicate_3/alloppnet_result.tre,True,True,1082
Bendiksby_2011,conf_ils_high_10M,alloppnet,4,/groups/itay_mayrose/tomulanovski/gene2net/simulations/networks/Bendiksby_2011.tre,/groups/itay_mayrose/tomulanovski/gene2net/simulations/simulations/Bendiksby_2011/results/conf_ils_high_10M/alloppnet/replicate_4/alloppnet_result.tre,True,True,1082
Bendiksby_2011,conf_ils_high_10M,alloppnet,5,/groups/itay_mayrose/tomulanovski/gene2net/simulations/networks/Bendiksby_2011.tre,/groups/itay_mayrose/tomulanovski/gene2net/simulations/simulations/Bendiksby_2011/results/conf_ils_high_10M/alloppnet/replicate_5/alloppnet_result.tre,True,True,1082
Koenen_2020,conf_ils_high_10M,alloppnet,1,/groups/itay_mayrose/tomulanovski/gene2net/simulations/networks/Koenen_2020.tre,/groups/itay_mayrose/tomulanovski/gene2net/simulations/simulations/Koenen_2020/results/conf_ils_high_10M/alloppnet/replicate_1/alloppnet_result.tre,True,True,429
Koenen_2020,conf_ils_high_10M,alloppnet,2,/groups/itay_mayrose/tomulanovski/gene2net/simulations/networks/Koenen_2020.tre,/groups/itay_mayrose/tomulanovski/gene2net/simulations/simulations/Koenen_2020/results/conf_ils_high_10M/alloppnet/replicate_2/alloppnet_result.tre,True,True,429
Koenen_2020,conf_ils_high_10M,alloppnet,3,/groups/itay_mayrose/tomulanovski/gene2net/simulations/networks/Koenen_2020.tre,/groups/itay_mayrose/tomulanovski/gene2net/simulations/simulations/Koenen_2020/results/conf_ils_high_10M/alloppnet/replicate_3/alloppnet_result.tre,True,True,429
Koenen_2020,conf_ils_high_10M,alloppnet,4,/groups/itay_mayrose/tomulanovski/gene2net/simulations/networks/Koenen_2020.tre,/groups/itay_mayrose/tomulanovski/gene2net/simulations/simulations/Koenen_2020/results/conf_ils_high_10M/alloppnet/replicate_4/alloppnet_result.tre,True,True,429
Koenen_2020,conf_ils_high_10M,alloppnet,5,/groups/itay_mayrose/tomulanovski/gene2net/simulations/networks/Koenen_2020.tre,/groups/itay_mayrose/tomulanovski/gene2net/simulations/simulations/Koenen_2020/results/conf_ils_high_10M/alloppnet/replicate_5/alloppnet_result.tre,True,True,429
Brysting_2007,conf_ils_high_10M,alloppnet,1,/groups/itay_mayrose/tomulanovski/gene2net/simulations/networks/Brysting_2007.tre,/groups/itay_mayrose/tomulanovski/gene2net/simulations/simulations/Brysting_2007/results/conf_ils_high_10M/alloppnet/replicate_1/alloppnet_result.tre,True,False,0
Brysting_2007,conf_ils_high_10M,alloppnet,2,/groups/itay_mayrose/tomulanovski/gene2net/simulations/networks/Brysting_2007.tre,/groups/itay_mayrose/tomulanovski/gene2net/simulations/simulations/Brysting_2007/results/conf_ils_high_10M/alloppnet/replicate_2/alloppnet_result.tre,True,False,0
Brysting_2007,conf_ils_high_10M,alloppnet,3,/groups/itay_mayrose/tomulanovski/gene2net/simulations/networks/Brysting_2007.tre,/groups/itay_mayrose/tomulanovski/gene2net/simulations/simulations/Brysting_2007/results/conf_ils_high_10M/alloppnet/replicate_3/alloppnet_result.tre,True,False,0
Brysting_2007,conf_ils_high_10M,alloppnet,4,/groups/itay_mayrose/tomulanovski/gene2net/simulations/networks/Brysting_2007.tre,/groups/itay_mayrose/tomulanovski/gene2net/simulations/simulations/Brysting_2007/results/conf_ils_high_10M/alloppnet/replicate_4/alloppnet_result.tre,True,False,0
Brysting_2007,conf_ils_high_10M,alloppnet,5,/groups/itay_mayrose/tomulanovski/gene2net/simulations/networks/Brysting_2007.tre,/groups/itay_mayrose/tomulanovski/gene2net/simulations/simulations/Brysting_2007/results/conf_ils_high_10M/alloppnet/replicate_5/alloppnet_result.tre,True,False,0
Lawrence_2016,conf_ils_high_10M,alloppnet,1,/groups/itay_mayrose/tomulanovski/gene2net/simulations/networks/Lawrence_2016.tre,/groups/itay_mayrose/tomulanovski/gene2net/simulations/simulations/Lawrence_2016/results/conf_ils_high_10M/alloppnet/replicate_1/alloppnet_result.tre,True,False,0
Lawrence_2016,conf_ils_high_10M,alloppnet,2,/groups/itay_mayrose/tomulanovski/gene2net/simulations/networks/Lawrence_2016.tre,/groups/itay_mayrose/tomulanovski/gene2net/simulations/simulations/Lawrence_2016/results/conf_ils_high_10M/alloppnet/replicate_2/alloppnet_result.tre,True,False,0
Lawrence_2016,conf_ils_high_10M,alloppnet,3,/groups/itay_mayrose/tomulanovski/gene2net/simulations/networks/Lawrence_2016.tre,/groups/itay_mayrose/tomulanovski/gene2net/simulations/simulations/Lawrence_2016/results/conf_ils_high_10M/alloppnet/replicate_3/alloppnet_result.tre,True,False,0
Lawrence_2016,conf_ils_high_10M,alloppnet,4,/groups/itay_mayrose/tomulanovski/gene2net/simulations/networks/Lawrence_2016.tre,/groups/itay_mayrose/tomulanovski/gene2net/simulations/simulations/Lawrence_2016/results/conf_ils_high_10M/alloppnet/replicate_4/alloppnet_result.tre,True,False,0
Lawrence_2016,conf_ils_high_10M,alloppnet,5,/groups/itay_mayrose/tomulanovski/gene2net/simulations/networks/Lawrence_2016.tre,/groups/itay_mayrose/tomulanovski/gene2net/simulations/simulations/Lawrence_2016/results/conf_ils_high_10M/alloppnet/replicate_5/alloppnet_result.tre,True,False,0
Diaz-Perez_2018,conf_ils_high_10M,alloppnet,1,/groups/itay_mayrose/tomulanovski/gene2net/simulations/networks/Diaz-Perez_2018.tre,/groups/itay_mayrose/tomulanovski/gene2net/simulations/simulations/Diaz-Perez_2018/results/conf_ils_high_10M/alloppnet/replicate_1/alloppnet_result.tre,True,False,0
Diaz-Perez_2018,conf_ils_high_10M,alloppnet,2,/groups/itay_mayrose/tomulanovski/gene2net/simulations/networks/Diaz-Perez_2018.tre,/groups/itay_mayrose/tomulanovski/gene2net/simulations/simulations/Diaz-Perez_2018/results/conf_ils_high_10M/alloppnet/replicate_2/alloppnet_result.tre,True,False,0
Diaz-Perez_2018,conf_ils_high_10M,alloppnet,3,/groups/itay_mayrose/tomulanovski/gene2net/simulations/networks/Diaz-Perez_2018.tre,/groups/itay_mayrose/tomulanovski/gene2net/simulations/simulations/Diaz-Perez_2018/results/conf_ils_high_10M/alloppnet/replicate_3/alloppnet_result.tre,True,False,0
Diaz-Perez_2018,conf_ils_high_10M,alloppnet,4,/groups/itay_mayrose/tomulanovski/gene2net/simulations/networks/Diaz-Perez_2018.tre,/groups/itay_mayrose/tomulanovski/gene2net/simulations/simulations/Diaz-Perez_2018/results/conf_ils_high_10M/alloppnet/replicate_4/alloppnet_result.tre,True,False,0
Diaz-Perez_2018,conf_ils_high_10M,alloppnet,5,/groups/itay_mayrose/tomulanovski/gene2net/simulations/networks/Diaz-Perez_2018.tre,/groups/itay_mayrose/tomulanovski/gene2net/simulations/simulations/Diaz-Perez_2018/results/conf_ils_high_10M/alloppnet/replicate_5/alloppnet_result.tre,True,False,0
Wisecaver_2023,conf_ils_high_10M,alloppnet,1,/groups/itay_mayrose/tomulanovski/gene2net/simulations/networks/Wisecaver_2023.tre,/groups/itay_mayrose/tomulanovski/gene2net/simulations/simulations/Wisecaver_2023/results/conf_ils_high_10M/alloppnet/replicate_1/alloppnet_result.tre,True,True,148
Wisecaver_2023,conf_ils_high_10M,alloppnet,2,/groups/itay_mayrose/tomulanovski/gene2net/simulations/networks/Wisecaver_2023.tre,/groups/itay_mayrose/tomulanovski/gene2net/simulations/simulations/Wisecaver_2023/results/conf_ils_high_10M/alloppnet/replicate_2/alloppnet_result.tre,True,True,148
Wisecaver_2023,conf_ils_high_10M,alloppnet,3,/groups/itay_mayrose/tomulanovski/gene2net/simulations/networks/Wisecaver_2023.tre,/groups/itay_mayrose/tomulanovski/gene2net/simulations/simulations/Wisecaver_2023/results/conf_ils_high_10M/alloppnet/replicate_3/alloppnet_result.tre,True,True,148
Wisecaver_2023,conf_ils_high_10M,alloppnet,4,/groups/itay_mayrose/tomulanovski/gene2net/simulations/networks/Wisecaver_2023.tre,/groups/itay_mayrose/tomulanovski/gene2net/simulations/simulations/Wisecaver_2023/results/conf_ils_high_10M/alloppnet/replicate_4/alloppnet_result.tre,True,True,148
Wisecaver_2023,conf_ils_high_10M,alloppnet,5,/groups/itay_mayrose/tomulanovski/gene2net/simulations/networks/Wisecaver_2023.tre,/groups/itay_mayrose/tomulanovski/gene2net/simulations/simulations/Wisecaver_2023/results/conf_ils_high_10M/alloppnet/replicate_5/alloppnet_result.tre,True,True,148
Ding_2023,conf_ils_high_10M,alloppnet,1,/groups/itay_mayrose/tomulanovski/gene2net/simulations/networks/Ding_2023.tre,/groups/itay_mayrose/tomulanovski/gene2net/simulations/simulations/Ding_2023/results/conf_ils_high_10M/alloppnet/replicate_1/alloppnet_result.tre,True,True,113
Ding_2023,conf_ils_high_10M,alloppnet,2,/groups/itay_mayrose/tomulanovski/gene2net/simulations/networks/Ding_2023.tre,/groups/itay_mayrose/tomulanovski/gene2net/simulations/simulations/Ding_2023/results/conf_ils_high_10M/alloppnet/replicate_2/alloppnet_result.tre,True,True,113
Ding_2023,conf_ils_high_10M,alloppnet,3,/groups/itay_mayrose/tomulanovski/gene2net/simulations/networks/Ding_2023.tre,/groups/itay_mayrose/tomulanovski/gene2net/simulations/simulations/Ding_2023/results/conf_ils_high_10M/alloppnet/replicate_3/alloppnet_result.tre,True,True,113
Ding_2023,conf_ils_high_10M,alloppnet,4,/groups/itay_mayrose/tomulanovski/gene2net/simulations/networks/Ding_2023.tre,/groups/itay_mayrose/tomulanovski/gene2net/simulations/simulations/Ding_2023/results/conf_ils_high_10M/alloppnet/replicate_4/alloppnet_result.tre,True,True,113
Ding_2023,conf_ils_high_10M,alloppnet,5,/groups/itay_mayrose/tomulanovski/gene2net/simulations/networks/Ding_2023.tre,/groups/itay_mayrose/tomulanovski/gene2net/simulations/simulations/Ding_2023/results/conf_ils_high_10M/alloppnet/replicate_5/alloppnet_result.tre,True,True,113
Liang_2019,conf_ils_high_10M,alloppnet,1,/groups/itay_mayrose/tomulanovski/gene2net/simulations/networks/Liang_2019.tre,/groups/itay_mayrose/tomulanovski/gene2net/simulations/simulations/Liang_2019/results/conf_ils_high_10M/alloppnet/replicate_1/alloppnet_result.tre,True,False,0
Liang_2019,conf_ils_high_10M,alloppnet,2,/groups/itay_mayrose/tomulanovski/gene2net/simulations/networks/Liang_2019.tre,/groups/itay_mayrose/tomulanovski/gene2net/simulations/simulations/Liang_2019/results/conf_ils_high_10M/alloppnet/replicate_2/alloppnet_result.tre,True,False,0
Liang_2019,conf_ils_high_10M,alloppnet,3,/groups/itay_mayrose/tomulanovski/gene2net/simulations/networks/Liang_2019.tre,/groups/itay_mayrose/tomulanovski/gene2net/simulations/simulations/Liang_2019/results/conf_ils_high_10M/alloppnet/replicate_3/alloppnet_result.tre,True,False,0
Liang_2019,conf_ils_high_10M,alloppnet,4,/groups/itay_mayrose/tomulanovski/gene2net/simulations/networks/Liang_2019.tre,/groups/itay_mayrose/tomulanovski/gene2net/simulations/simulations/Liang_2019/results/conf_ils_high_10M/alloppnet/replicate_4/alloppnet_result.tre,True,False,0
Liang_2019,conf_ils_high_10M,alloppnet,5,/groups/itay_mayrose/tomulanovski/gene2net/simulations/networks/Liang_2019.tre,/groups/itay_mayrose/tomulanovski/gene2net/simulations/simulations/Liang_2019/results/conf_ils_high_10M/alloppnet/replicate_5/alloppnet_result.tre,True,False,0
Popp_2005,conf_ils_high_10M,alloppnet,1,/groups/itay_mayrose/tomulanovski/gene2net/simulations/networks/Popp_2005.tre,/groups/itay_mayrose/tomulanovski/gene2net/simulations/simulations/Popp_2005/results/conf_ils_high_10M/alloppnet/replicate_1/alloppnet_result.tre,True,False,0
Popp_2005,conf_ils_high_10M,alloppnet,2,/groups/itay_mayrose/tomulanovski/gene2net/simulations/networks/Popp_2005.tre,/groups/itay_mayrose/tomulanovski/gene2net/simulations/simulations/Popp_2005/results/conf_ils_high_10M/alloppnet/replicate_2/alloppnet_result.tre,True,False,0
Popp_2005,conf_ils_high_10M,alloppnet,3,/groups/itay_mayrose/tomulanovski/gene2net/simulations/networks/Popp_2005.tre,/groups/itay_mayrose/tomulanovski/gene2net/simulations/simulations/Popp_2005/results/conf_ils_high_10M/alloppnet/replicate_3/alloppnet_result.tre,True,False,0
Popp_2005,conf_ils_high_10M,alloppnet,4,/groups/itay_mayrose/tomulanovski/gene2net/simulations/networks/Popp_2005.tre,/groups/itay_mayrose/tomulanovski/gene2net/simulations/simulations/Popp_2005/results/conf_ils_high_10M/alloppnet/replicate_4/alloppnet_result.tre,True,False,0
Popp_2005,conf_ils_high_10M,alloppnet,5,/groups/itay_mayrose/tomulanovski/gene2net/simulations/networks/Popp_2005.tre,/groups/itay_mayrose/tomulanovski/gene2net/simulations/simulations/Popp_2005/results/conf_ils_high_10M/alloppnet/replicate_5/alloppnet_result.tre,True,False,0
Wu_2015,conf_ils_high_10M,alloppnet,1,/groups/itay_mayrose/tomulanovski/gene2net/simulations/networks/Wu_2015.tre,/groups/itay_mayrose/tomulanovski/gene2net/simulations/simulations/Wu_2015/results/conf_ils_high_10M/alloppnet/replicate_1/alloppnet_result.tre,True,True,235
Wu_2015,conf_ils_high_10M,alloppnet,2,/groups/itay_mayrose/tomulanovski/gene2net/simulations/networks/Wu_2015.tre,/groups/itay_mayrose/tomulanovski/gene2net/simulations/simulations/Wu_2015/results/conf_ils_high_10M/alloppnet/replicate_2/alloppnet_result.tre,True,True,235
Wu_2015,conf_ils_high_10M,alloppnet,3,/groups/itay_mayrose/tomulanovski/gene2net/simulations/networks/Wu_2015.tre,/groups/itay_mayrose/tomulanovski/gene2net/simulations/simulations/Wu_2015/results/conf_ils_high_10M/alloppnet/replicate_3/alloppnet_result.tre,True,True,235
Wu_2015,conf_ils_high_10M,alloppnet,4,/groups/itay_mayrose/tomulanovski/gene2net/simulations/networks/Wu_2015.tre,/groups/itay_mayrose/tomulanovski/gene2net/simulations/simulations/Wu_2015/results/conf_ils_high_10M/alloppnet/replicate_4/alloppnet_result.tre,True,True,235
Wu_2015,conf_ils_high_10M,alloppnet,5,/groups/itay_mayrose/tomulanovski/gene2net/simulations/networks/Wu_2015.tre,/groups/itay_mayrose/tomulanovski/gene2net/simulations/simulations/Wu_2015/results/conf_ils_high_10M/alloppnet/replicate_5/alloppnet_result.tre,True,True,235
Liu_2023,conf_ils_high_10M,alloppnet,1,/groups/itay_mayrose/tomulanovski/gene2net/simulations/networks/Liu_2023.tre,/groups/itay_mayrose/tomulanovski/gene2net/simulations/simulations/Liu_2023/results/conf_ils_high_10M/alloppnet/replicate_1/alloppnet_result.tre,True,True,692
Liu_2023,conf_ils_high_10M,alloppnet,2,/groups/itay_mayrose/tomulanovski/gene2net/simulations/networks/Liu_2023.tre,/groups/itay_mayrose/tomulanovski/gene2net/simulations/simulations/Liu_2023/results/conf_ils_high_10M/alloppnet/replicate_2/alloppnet_result.tre,True,True,692
Liu_2023,conf_ils_high_10M,alloppnet,3,/groups/itay_mayrose/tomulanovski/gene2net/simulations/networks/Liu_2023.tre,/groups/itay_mayrose/tomulanovski/gene2net/simulations/simulations/Liu_2023/results/conf_ils_high_10M/alloppnet/replicate_3/alloppnet_result.tre,True,True,692
Liu_2023,conf_ils_high_10M,alloppnet,4,/groups/itay_mayrose/tomulanovski/gene2net/simulations/networks/Liu_2023.tre,/groups/itay_mayrose/tomulanovski/gene2net/simulations/simulations/Liu_2023/results/conf_ils_high_10M/alloppnet/replicate_4/alloppnet_result.tre,True,True,692
Liu_2023,conf_ils_high_10M,alloppnet,5,/groups/itay_mayrose/tomulanovski/gene2net/simulations/networks/Liu_2023.tre,/groups/itay_mayrose/tomulanovski/gene2net/simulations/simulations/Liu_2023/results/conf_ils_high_10M/alloppnet/replicate_5/alloppnet_result.tre,True,True,692
Ren_2024,conf_ils_high_10M,alloppnet,1,/groups/itay_mayrose/tomulanovski/gene2net/simulations/networks/Ren_2024.tre,/groups/itay_mayrose/tomulanovski/gene2net/simulations/simulations/Ren_2024/results/conf_ils_high_10M/alloppnet/replicate_1/alloppnet_result.tre,True,False,0
Ren_2024,conf_ils_high_10M,alloppnet,2,/groups/itay_mayrose/tomulanovski/gene2net/simulations/networks/Ren_2024.tre,/groups/itay_mayrose/tomulanovski/gene2net/simulations/simulations/Ren_2024/results/conf_ils_high_10M/alloppnet/replicate_2/alloppnet_result.tre,True,False,0
Ren_2024,conf_ils_high_10M,alloppnet,3,/groups/itay_mayrose/tomulanovski/gene2net/simulations/networks/Ren_2024.tre,/groups/itay_mayrose/tomulanovski/gene2net/simulations/simulations/Ren_2024/results/conf_ils_high_10M/alloppnet/replicate_3/alloppnet_result.tre,True,False,0
Ren_2024,conf_ils_high_10M,alloppnet,4,/groups/itay_mayrose/tomulanovski/gene2net/simulations/networks/Ren_2024.tre,/groups/itay_mayrose/tomulanovski/gene2net/simulations/simulations/Ren_2024/results/conf_ils_high_10M/alloppnet/replicate_4/alloppnet_result.tre,True,False,0
Ren_2024,conf_ils_high_10M,alloppnet,5,/groups/itay_mayrose/tomulanovski/gene2net/simulations/networks/Ren_2024.tre,/groups/itay_mayrose/tomulanovski/gene2net/simulations/simulations/Ren_2024/results/conf_ils_high_10M/alloppnet/replicate_5/alloppnet_result.tre,True,False,0
Marcussen_2011,conf_ils_high_10M,alloppnet,1,/groups/itay_mayrose/tomulanovski/gene2net/simulations/networks/Marcussen_2011.tre,/groups/itay_mayrose/tomulanovski/gene2net/simulations/simulations/Marcussen_2011/results/conf_ils_high_10M/alloppnet/replicate_1/alloppnet_result.tre,True,False,0
Marcussen_2011,conf_ils_high_10M,alloppnet,2,/groups/itay_mayrose/tomulanovski/gene2net/simulations/networks/Marcussen_2011.tre,/groups/itay_mayrose/tomulanovski/gene2net/simulations/simulations/Marcussen_2011/results/conf_ils_high_10M/alloppnet/replicate_2/alloppnet_result.tre,True,False,0
Marcussen_2011,conf_ils_high_10M,alloppnet,3,/groups/itay_mayrose/tomulanovski/gene2net/simulations/networks/Marcussen_2011.tre,/groups/itay_mayrose/tomulanovski/gene2net/simulations/simulations/Marcussen_2011/results/conf_ils_high_10M/alloppnet/replicate_3/alloppnet_result.tre,True,False,0
Marcussen_2011,conf_ils_high_10M,alloppnet,4,/groups/itay_mayrose/tomulanovski/gene2net/simulations/networks/Marcussen_2011.tre,/groups/itay_mayrose/tomulanovski/gene2net/simulations/simulations/Marcussen_2011/results/conf_ils_high_10M/alloppnet/replicate_4/alloppnet_result.tre,True,False,0
Marcussen_2011,conf_ils_high_10M,alloppnet,5,/groups/itay_mayrose/tomulanovski/gene2net/simulations/networks/Marcussen_2011.tre,/groups/itay_mayrose/tomulanovski/gene2net/simulations/simulations/Marcussen_2011/results/conf_ils_high_10M/alloppnet/replicate_5/alloppnet_result.tre,True,False,0
Marcussen_2012,conf_ils_high_10M,alloppnet,1,/groups/itay_mayrose/tomulanovski/gene2net/simulations/networks/Marcussen_2012.tre,/groups/itay_mayrose/tomulanovski/gene2net/simulations/simulations/Marcussen_2012/results/conf_ils_high_10M/alloppnet/replicate_1/alloppnet_result.tre,True,False,0
Marcussen_2012,conf_ils_high_10M,alloppnet,2,/groups/itay_mayrose/tomulanovski/gene2net/simulations/networks/Marcussen_2012.tre,/groups/itay_mayrose/tomulanovski/gene2net/simulations/simulations/Marcussen_2012/results/conf_ils_high_10M/alloppnet/replicate_2/alloppnet_result.tre,True,False,0
Marcussen_2012,conf_ils_high_10M,alloppnet,3,/groups/itay_mayrose/tomulanovski/gene2net/simulations/networks/Marcussen_2012.tre,/groups/itay_mayrose/tomulanovski/gene2net/simulations/simulations/Marcussen_2012/results/conf_ils_high_10M/alloppnet/replicate_3/alloppnet_result.tre,True,False,0
Marcussen_2012,conf_ils_high_10M,alloppnet,4,/groups/itay_mayrose/tomulanovski/gene2net/simulations/networks/Marcussen_2012.tre,/groups/itay_mayrose/tomulanovski/gene2net/simulations/simulations/Marcussen_2012/results/conf_ils_high_10M/alloppnet/replicate_4/alloppnet_result.tre,True,False,0
Marcussen_2012,conf_ils_high_10M,alloppnet,5,/groups/itay_mayrose/tomulanovski/gene2net/simulations/networks/Marcussen_2012.tre,/groups/itay_mayrose/tomulanovski/gene2net/simulations/simulations/Marcussen_2012/results/conf_ils_high_10M/alloppnet/replicate_5/alloppnet_result.tre,True,False,0
Sessa_2012b,conf_ils_high_10M,alloppnet,1,/groups/itay_mayrose/tomulanovski/gene2net/simulations/networks/Sessa_2012b.tre,/groups/itay_mayrose/tomulanovski/gene2net/simulations/simulations/Sessa_2012b/results/conf_ils_high_10M/alloppnet/replicate_1/alloppnet_result.tre,True,False,0
Sessa_2012b,conf_ils_high_10M,alloppnet,2,/groups/itay_mayrose/tomulanovski/gene2net/simulations/networks/Sessa_2012b.tre,/groups/itay_mayrose/tomulanovski/gene2net/simulations/simulations/Sessa_2012b/results/conf_ils_high_10M/alloppnet/replicate_2/alloppnet_result.tre,True,False,0
Sessa_2012b,conf_ils_high_10M,alloppnet,3,/groups/itay_mayrose/tomulanovski/gene2net/simulations/networks/Sessa_2012b.tre,/groups/itay_mayrose/tomulanovski/gene2net/simulations/simulations/Sessa_2012b/results/conf_ils_high_10M/alloppnet/replicate_3/alloppnet_result.tre,True,False,0
Sessa_2012b,conf_ils_high_10M,alloppnet,4,/groups/itay_mayrose/tomulanovski/gene2net/simulations/networks/Sessa_2012b.tre,/groups/itay_mayrose/tomulanovski/gene2net/simulations/simulations/Sessa_2012b/results/conf_ils_high_10M/alloppnet/replicate_4/alloppnet_result.tre,True,False,0
Sessa_2012b,conf_ils_high_10M,alloppnet,5,/groups/itay_mayrose/tomulanovski/gene2net/simulations/networks/Sessa_2012b.tre,/groups/itay_mayrose/tomulanovski/gene2net/simulations/simulations/Sessa_2012b/results/conf_ils_high_10M/alloppnet/replicate_5/alloppnet_result.tre,True,False,0
Zhao_2021,conf_ils_high_10M,alloppnet,1,/groups/itay_mayrose/tomulanovski/gene2net/simulations/networks/Zhao_2021.tre,/groups/itay_mayrose/tomulanovski/gene2net/simulations/simulations/Zhao_2021/results/conf_ils_high_10M/alloppnet/replicate_1/alloppnet_result.tre,True,True,270
Zhao_2021,conf_ils_high_10M,alloppnet,2,/groups/itay_mayrose/tomulanovski/gene2net/simulations/networks/Zhao_2021.tre,/groups/itay_mayrose/tomulanovski/gene2net/simulations/simulations/Zhao_2021/results/conf_ils_high_10M/alloppnet/replicate_2/alloppnet_result.tre,True,True,270
Zhao_2021,conf_ils_high_10M,alloppnet,3,/groups/itay_mayrose/tomulanovski/gene2net/simulations/networks/Zhao_2021.tre,/groups/itay_mayrose/tomulanovski/gene2net/simulations/simulations/Zhao_2021/results/conf_ils_high_10M/alloppnet/replicate_3/alloppnet_result.tre,True,True,270
Zhao_2021,conf_ils_high_10M,alloppnet,4,/groups/itay_mayrose/tomulanovski/gene2net/simulations/networks/Zhao_2021.tre,/groups/itay_mayrose/tomulanovski/gene2net/simulations/simulations/Zhao_2021/results/conf_ils_high_10M/alloppnet/replicate_4/alloppnet_result.tre,True,True,270
Zhao_2021,conf_ils_high_10M,alloppnet,5,/groups/itay_mayrose/tomulanovski/gene2net/simulations/networks/Zhao_2021.tre,/groups/itay_mayrose/tomulanovski/gene2net/simulations/simulations/Zhao_2021/results/conf_ils_high_10M/alloppnet/replicate_5/alloppnet_result.tre,True,True,270
Hori_2014,conf_ils_high_10M,alloppnet,1,/groups/itay_mayrose/tomulanovski/gene2net/simulations/networks/Hori_2014.tre,/groups/itay_mayrose/tomulanovski/gene2net/simulations/simulations/Hori_2014/results/conf_ils_high_10M/alloppnet/replicate_1/alloppnet_result.tre,True,False,0
Hori_2014,conf_ils_high_10M,alloppnet,2,/groups/itay_mayrose/tomulanovski/gene2net/simulations/networks/Hori_2014.tre,/groups/itay_mayrose/tomulanovski/gene2net/simulations/simulations/Hori_2014/results/conf_ils_high_10M/alloppnet/replicate_2/alloppnet_result.tre,True,False,0
Hori_2014,conf_ils_high_10M,alloppnet,3,/groups/itay_mayrose/tomulanovski/gene2net/simulations/networks/Hori_2014.tre,/groups/itay_mayrose/tomulanovski/gene2net/simulations/simulations/Hori_2014/results/conf_ils_high_10M/alloppnet/replicate_3/alloppnet_result.tre,True,False,0
Hori_2014,conf_ils_high_10M,alloppnet,4,/groups/itay_mayrose/tomulanovski/gene2net/simulations/networks/Hori_2014.tre,/groups/itay_mayrose/tomulanovski/gene2net/simulations/simulations/Hori_2014/results/conf_ils_high_10M/alloppnet/replicate_4/alloppnet_result.tre,True,False,0
Hori_2014,conf_ils_high_10M,alloppnet,5,/groups/itay_mayrose/tomulanovski/gene2net/simulations/networks/Hori_2014.tre,/groups/itay_mayrose/tomulanovski/gene2net/simulations/simulations/Hori_2014/results/conf_ils_high_10M/alloppnet/replicate_5/alloppnet_result.tre,True,False,0
Marcussen_2015,conf_ils_high_10M,alloppnet,1,/groups/itay_mayrose/tomulanovski/gene2net/simulations/networks/Marcussen_2015.tre,/groups/itay_mayrose/tomulanovski/gene2net/simulations/simulations/Marcussen_2015/results/conf_ils_high_10M/alloppnet/replicate_1/alloppnet_result.tre,True,False,0
Marcussen_2015,conf_ils_high_10M,alloppnet,2,/groups/itay_mayrose/tomulanovski/gene2net/simulations/networks/Marcussen_2015.tre,/groups/itay_mayrose/tomulanovski/gene2net/simulations/simulations/Marcussen_2015/results/conf_ils_high_10M/alloppnet/replicate_2/alloppnet_result.tre,True,False,0
Marcussen_2015,conf_ils_high_10M,alloppnet,3,/groups/itay_mayrose/tomulanovski/gene2net/simulations/networks/Marcussen_2015.tre,/groups/itay_mayrose/tomulanovski/gene2net/simulations/simulations/Marcussen_2015/results/conf_ils_high_10M/alloppnet/replicate_3/alloppnet_result.tre,True,False,0
Marcussen_2015,conf_ils_high_10M,alloppnet,4,/groups/itay_mayrose/tomulanovski/gene2net/simulations/networks/Marcussen_2015.tre,/groups/itay_mayrose/tomulanovski/gene2net/simulations/simulations/Marcussen_2015/results/conf_ils_high_10M/alloppnet/replicate_4/alloppnet_result.tre,True,False,0
Marcussen_2015,conf_ils_high_10M,alloppnet,5,/groups/itay_mayrose/tomulanovski/gene2net/simulations/networks/Marcussen_2015.tre,/groups/itay_mayrose/tomulanovski/gene2net/simulations/simulations/Marcussen_2015/results/conf_ils_high_10M/alloppnet/replicate_5/alloppnet_result.tre,True,False,0
Shahrestani_2015,conf_ils_high_10M,alloppnet,1,/groups/itay_mayrose/tomulanovski/gene2net/simulations/networks/Shahrestani_2015.tre,/groups/itay_mayrose/tomulanovski/gene2net/simulations/simulations/Shahrestani_2015/results/conf_ils_high_10M/alloppnet/replicate_1/alloppnet_result.tre,True,True,119
Shahrestani_2015,conf_ils_high_10M,alloppnet,2,/groups/itay_mayrose/tomulanovski/gene2net/simulations/networks/Shahrestani_2015.tre,/groups/itay_mayrose/tomulanovski/gene2net/simulations/simulations/Shahrestani_2015/results/conf_ils_high_10M/alloppnet/replicate_2/alloppnet_result.tre,True,True,119
Shahrestani_2015,conf_ils_high_10M,alloppnet,3,/groups/itay_mayrose/tomulanovski/gene2net/simulations/networks/Shahrestani_2015.tre,/groups/itay_mayrose/tomulanovski/gene2net/simulations/simulations/Shahrestani_2015/results/conf_ils_high_10M/alloppnet/replicate_3/alloppnet_result.tre,True,True,119
Shahrestani_2015,conf_ils_high_10M,alloppnet,4,/groups/itay_mayrose/tomulanovski/gene2net/simulations/networks/Shahrestani_2015.tre,/groups/itay_mayrose/tomulanovski/gene2net/simulations/simulations/Shahrestani_2015/results/conf_ils_high_10M/alloppnet/replicate_4/alloppnet_result.tre,True,True,119
Shahrestani_2015,conf_ils_high_10M,alloppnet,5,/groups/itay_mayrose/tomulanovski/gene2net/simulations/networks/Shahrestani_2015.tre,/groups/itay_mayrose/tomulanovski/gene2net/simulations/simulations/Shahrestani_2015/results/conf_ils_high_10M/alloppnet/replicate_5/alloppnet_result.tre,True,True,119
Morales-Briones_2021,conf_ils_high_10M,alloppnet,1,/groups/itay_mayrose/tomulanovski/gene2net/simulations/networks/Morales-Briones_2021.tre,/groups/itay_mayrose/tomulanovski/gene2net/simulations/simulations/Morales-Briones_2021/results/conf_ils_high_10M/alloppnet/replicate_1/alloppnet_result.tre,True,False,0
Morales-Briones_2021,conf_ils_high_10M,alloppnet,2,/groups/itay_mayrose/tomulanovski/gene2net/simulations/networks/Morales-Briones_2021.tre,/groups/itay_mayrose/tomulanovski/gene2net/simulations/simulations/Morales-Briones_2021/results/conf_ils_high_10M/alloppnet/replicate_2/alloppnet_result.tre,True,False,0
Morales-Briones_2021,conf_ils_high_10M,alloppnet,3,/groups/itay_mayrose/tomulanovski/gene2net/simulations/networks/Morales-Briones_2021.tre,/groups/itay_mayrose/tomulanovski/gene2net/simulations/simulations/Morales-Briones_2021/results/conf_ils_high_10M/alloppnet/replicate_3/alloppnet_result.tre,True,False,0
Morales-Briones_2021,conf_ils_high_10M,alloppnet,4,/groups/itay_mayrose/tomulanovski/gene2net/simulations/networks/Morales-Briones_2021.tre,/groups/itay_mayrose/tomulanovski/gene2net/simulations/simulations/Morales-Briones_2021/results/conf_ils_high_10M/alloppnet/replicate_4/alloppnet_result.tre,True,False,0
Morales-Briones_2021,conf_ils_high_10M,alloppnet,5,/groups/itay_mayrose/tomulanovski/gene2net/simulations/networks/Morales-Briones_2021.tre,/groups/itay_mayrose/tomulanovski/gene2net/simulations/simulations/Morales-Briones_2021/results/conf_ils_high_10M/alloppnet/replicate_5/alloppnet_result.tre,True,False,0
Soza_2014,conf_ils_high_10M,alloppnet,1,/groups/itay_mayrose/tomulanovski/gene2net/simulations/networks/Soza_2014.tre,/groups/itay_mayrose/tomulanovski/gene2net/simulations/simulations/Soza_2014/results/conf_ils_high_10M/alloppnet/replicate_1/alloppnet_result.tre,True,False,0
Soza_2014,conf_ils_high_10M,alloppnet,2,/groups/itay_mayrose/tomulanovski/gene2net/simulations/networks/Soza_2014.tre,/groups/itay_mayrose/tomulanovski/gene2net/simulations/simulations/Soza_2014/results/conf_ils_high_10M/alloppnet/replicate_2/alloppnet_result.tre,True,False,0
Soza_2014,conf_ils_high_10M,alloppnet,3,/groups/itay_mayrose/tomulanovski/gene2net/simulations/networks/Soza_2014.tre,/groups/itay_mayrose/tomulanovski/gene2net/simulations/simulations/Soza_2014/results/conf_ils_high_10M/alloppnet/replicate_3/alloppnet_result.tre,True,False,0
Soza_2014,conf_ils_high_10M,alloppnet,4,/groups/itay_mayrose/tomulanovski/gene2net/simulations/networks/Soza_2014.tre,/groups/itay_mayrose/tomulanovski/gene2net/simulations/simulations/Soza_2014/results/conf_ils_high_10M/alloppnet/replicate_4/alloppnet_result.tre,True,False,0
Soza_2014,conf_ils_high_10M,alloppnet,5,/groups/itay_mayrose/tomulanovski/gene2net/simulations/networks/Soza_2014.tre,/groups/itay_mayrose/tomulanovski/gene2net/simulations/simulations/Soza_2014/results/conf_ils_high_10M/alloppnet/replicate_5/alloppnet_result.tre,True,False,0
